   2.8400000e+02   2.2267088e+02   4.2153581e+01   3.3848097e+02   4.1662632e+02   2.9143048e+02   6.5664130e-01             NaN   6.2690556e+01   3.9478525e+01   2.7959999e+00   1.0738905e+03   7.8356679e-01   3.5256315e-11   2.4385273e+00   1.2330148e-05   1.4069879e-03   6.3098802e-01
   2.8684000e+02   2.2356625e+02   4.2309128e+01   3.3827994e+02   4.1723623e+02   2.9151860e+02   6.5239728e-01             NaN   6.2138846e+01   4.0152928e+01   2.8968326e+00   1.0726977e+03   8.4258747e-01   3.5802051e-11   2.4623914e+00   1.2192140e-05   1.4414595e-03   7.5088463e-01
   2.8970840e+02   2.2227463e+02   4.1874180e+01   3.3784512e+02   4.1583112e+02   2.9130648e+02   6.6092919e-01             NaN   6.3340121e+01   3.9353631e+01   2.9026108e+00   1.0752325e+03   8.3842959e-01   3.6166632e-11   2.5538698e+00   1.2346964e-05   1.4284972e-03   7.1513922e-01
   2.9260548e+02   2.2387354e+02   4.2414133e+01   3.3661916e+02   4.1595235e+02   2.9130805e+02   6.5053017e-01             NaN   6.1760305e+01   4.0413540e+01   2.8320724e+00   1.0738768e+03   8.1151794e-01   3.5444195e-11   2.5433287e+00   1.2188026e-05   1.4358066e-03   6.9920973e-01
   2.9553154e+02   2.2388365e+02   4.2346758e+01   3.3795278e+02   4.1700179e+02   2.9147267e+02   6.5202995e-01             NaN   6.2044883e+01   4.0275866e+01   2.8192607e+00   1.0714960e+03   8.0726417e-01   3.5641662e-11   2.4825688e+00   1.2286934e-05   1.4371651e-03   6.7654269e-01
   2.9848685e+02   2.2258699e+02   4.1991900e+01   3.3839391e+02   4.1628389e+02   2.9137172e+02   6.6099074e-01             NaN   6.2674544e+01   3.9823252e+01   2.8216620e+00   1.0733454e+03   7.6442920e-01   3.5971262e-11   2.5147517e+00   1.2304068e-05   1.4358957e-03   6.5721712e-01
   3.0147172e+02   2.2341677e+02   4.1999856e+01   3.3804204e+02   4.1682885e+02   2.9148233e+02   6.5241037e-01             NaN   6.2801748e+01   4.0081108e+01   2.8744012e+00   1.0707527e+03   8.1341777e-01   3.5810501e-11   2.5333768e+00   1.2229526e-05   1.4265186e-03   7.0546540e-01
   3.0448644e+02   2.2270764e+02   4.1933394e+01   3.3762342e+02   4.1608139e+02   2.9136462e+02   6.5733795e-01             NaN   6.2836494e+01   3.9440217e+01   2.9238802e+00   1.0764570e+03   8.6293198e-01   3.6078859e-11   2.5270659e+00   1.2293932e-05   1.4364129e-03   7.5374271e-01
   3.0753130e+02   2.2287463e+02   4.2176680e+01   3.3866896e+02   4.1667343e+02   2.9142561e+02   6.5672239e-01             NaN   6.2886559e+01   3.9838630e+01   2.8627180e+00   1.0734022e+03   7.7590717e-01   3.5920779e-11   2.5213471e+00   1.2250418e-05   1.4290604e-03   6.9097260e-01
   3.1060662e+02   2.2364670e+02   4.2239291e+01   3.3841365e+02   4.1736734e+02   2.9157419e+02   6.5263487e-01             NaN   6.2386935e+01   3.9875202e+01   2.7939191e+00   1.0760267e+03   7.9862299e-01   3.6059393e-11   2.5335034e+00   1.2273916e-05   1.4460214e-03   6.3936483e-01
   3.1371268e+02   2.2320066e+02   4.2186137e+01   3.3982454e+02   4.1833084e+02   2.9171158e+02   6.5421366e-01             NaN   6.2020578e+01   4.0322054e+01   2.8374512e+00   1.0717418e+03   7.9642487e-01   3.6219232e-11   2.5346457e+00   1.2156760e-05   1.4610370e-03   6.9558783e-01
   3.1684981e+02   2.2214738e+02   4.1841691e+01   3.4073013e+02   4.1852784e+02   2.9178186e+02   6.5830242e-01             NaN   6.2730726e+01   3.9553639e+01   2.8799874e+00   1.0779653e+03   8.1005430e-01   3.6454094e-11   2.5287523e+00   1.2203607e-05   1.4538080e-03   7.1351580e-01
   3.2001831e+02   2.2111586e+02   4.1652332e+01   3.4079250e+02   4.1768796e+02   2.9161603e+02   6.6473298e-01             NaN   6.3331640e+01   3.9316488e+01   2.9697163e+00   1.0828082e+03   8.5928611e-01   3.6831241e-11   2.5616693e+00   1.2153735e-05   1.4549382e-03   7.8253112e-01
   3.2321849e+02   2.2288316e+02   4.2279837e+01   3.3790140e+02   4.1642045e+02   2.9138941e+02   6.5600413e-01             NaN   6.2064058e+01   4.0110774e+01   2.9281632e+00   1.0867511e+03   8.8194074e-01   3.6615915e-11   2.5629888e+00   1.2136739e-05   1.4759939e-03   7.8478368e-01
   3.2645068e+02   2.2462614e+02   4.2729886e+01   3.3569061e+02   4.1562438e+02   2.9121822e+02   6.4736115e-01             NaN   6.0606722e+01   4.1302080e+01   2.8013429e+00   1.0783524e+03   8.4020011e-01   3.5854238e-11   2.5604815e+00   1.1986072e-05   1.4800634e-03   7.0832026e-01
   3.2971518e+02   2.2415150e+02   4.2622009e+01   3.3699037e+02   4.1632933e+02   2.9139293e+02   6.4930151e-01             NaN   6.1970020e+01   4.0226129e+01   2.9228561e+00   1.0795469e+03   8.9226257e-01   3.6413147e-11   2.5419933e+00   1.1985109e-05   1.4700676e-03   7.8275326e-01
   3.3301234e+02   2.2192893e+02   4.1951093e+01   3.3774918e+02   4.1562053e+02   2.9130508e+02   6.6029448e-01             NaN   6.3318427e+01   3.9063506e+01   3.0091824e+00   1.0857058e+03   9.3122098e-01   3.7259502e-11   2.6365200e+00   1.2207402e-05   1.4721485e-03   8.2243225e-01
   3.3634246e+02   2.2358722e+02   4.2221921e+01   3.3692810e+02   4.1582542e+02   2.9129594e+02   6.5325926e-01             NaN   6.2112644e+01   4.0301982e+01   2.8947907e+00   1.0820980e+03   8.5303124e-01   3.6426019e-11   2.6350398e+00   1.2170151e-05   1.4671845e-03   7.4972435e-01
   3.3970588e+02   2.2364365e+02   4.1882018e+01   3.3653427e+02   4.1592761e+02   2.9131783e+02   6.4960162e-01             NaN   6.1665707e+01   4.0788954e+01   2.8392900e+00   1.0802723e+03   8.6217565e-01   3.6233770e-11   2.5752049e+00   1.1892506e-05   1.4699894e-03   7.0961629e-01
   3.4310294e+02   2.2420148e+02   4.2210322e+01   3.3852390e+02   4.1748979e+02   2.9156783e+02   6.4953846e-01             NaN   6.1493345e+01   4.1179382e+01   2.7632364e+00   1.0752168e+03   7.5825455e-01   3.5842538e-11   2.5065189e+00   1.1993402e-05   1.4582078e-03   6.3953688e-01
   3.4653397e+02   2.2519529e+02   4.2533274e+01   3.3868829e+02   4.1846986e+02   2.9172658e+02   6.4479604e-01             NaN   6.1499388e+01   4.1272206e+01   2.7983964e+00   1.0764789e+03   7.8415198e-01   3.6200814e-11   2.4835713e+00   1.1885543e-05   1.4726292e-03   6.7447390e-01
   3.4999931e+02   2.2368993e+02   4.2460459e+01   3.3572176e+02   4.1555928e+02   2.9127388e+02   6.4561612e-01             NaN   6.1066098e+01   4.0645424e+01   2.8899383e+00   1.0832968e+03   8.7601362e-01   3.6640809e-11   2.4999356e+00   1.1780926e-05   1.5011346e-03   7.8102286e-01
   3.5349930e+02   2.2415999e+02   4.2267391e+01   3.3756404e+02   4.1711010e+02   2.9153871e+02   6.4967916e-01             NaN   6.1259887e+01   4.0818554e+01   2.8002360e+00   1.0761062e+03   8.1859896e-01   3.6462282e-11   2.5798689e+00   1.2084861e-05   1.4890694e-03   6.8459180e-01
   3.5703430e+02   2.2339547e+02   4.2477987e+01   3.3739217e+02   4.1613372e+02   2.9134605e+02   6.5417806e-01             NaN   6.2118485e+01   4.0159837e+01   2.9391365e+00   1.0811751e+03   8.6588940e-01   3.6769040e-11   2.5799726e+00   1.1950150e-05   1.4808970e-03   7.9391980e-01
   3.6060464e+02   2.2452551e+02   4.2466657e+01   3.3700114e+02   4.1665796e+02   2.9143632e+02   6.4869825e-01             NaN   6.1228503e+01   4.1050649e+01   2.8087185e+00   1.0815822e+03   8.3725675e-01   3.6896948e-11   2.6229377e+00   1.2058659e-05   1.5075628e-03   6.9411579e-01
   3.6421069e+02   2.2315920e+02   4.2110026e+01   3.3704395e+02   4.1593993e+02   2.9133184e+02   6.5258036e-01             NaN   6.1875589e+01   4.0431775e+01   2.9076935e+00   1.0828843e+03   8.6866071e-01   3.7182308e-11   2.6508922e+00   1.1904561e-05   1.5034101e-03   7.7085045e-01
   3.6785279e+02   2.2418701e+02   4.2348063e+01   3.3726530e+02   4.1662197e+02   2.9144796e+02   6.5008252e-01             NaN   6.2188351e+01   4.0295197e+01   2.8866360e+00   1.0822985e+03   8.7709137e-01   3.7559878e-11   2.6816275e+00   1.2106646e-05   1.5110179e-03   7.3896224e-01
   3.7153132e+02   2.2495377e+02   4.2362419e+01   3.3760346e+02   4.1720778e+02   2.9153263e+02   6.4713215e-01             NaN   6.1883060e+01   4.0978701e+01   2.8016078e+00   1.0748997e+03   8.0891683e-01   3.7075074e-11   2.6717797e+00   1.2136339e-05   1.4988927e-03   6.6450597e-01
   3.7524663e+02   2.2514192e+02   4.2366862e+01   3.3896708e+02   4.1882782e+02   2.9179796e+02   6.4380300e-01             NaN   6.1785656e+01   4.0951608e+01   2.7391013e+00   1.0715995e+03   7.3793677e-01   3.7368010e-11   2.6151811e+00   1.2099025e-05   1.5130489e-03   6.0526674e-01
   3.7899910e+02   2.2457243e+02   4.2449398e+01   3.3828363e+02   4.1780057e+02   2.9162334e+02   6.4703880e-01             NaN   6.1737064e+01   4.0987218e+01   2.8577343e+00   1.0759257e+03   8.4091741e-01   3.7634901e-11   2.6406735e+00   1.1886579e-05   1.5250750e-03   7.2560620e-01
   3.8278909e+02   2.2267939e+02   4.2001373e+01   3.3889111e+02   4.1706857e+02   2.9150577e+02   6.5647781e-01             NaN   6.2340410e+01   4.0101617e+01   2.9196914e+00   1.0811079e+03   8.5326831e-01   3.8248940e-11   2.7244472e+00   1.2058322e-05   1.5349685e-03   7.6674272e-01
   3.8661698e+02   2.2337548e+02   4.2266522e+01   3.3907535e+02   4.1779544e+02   2.9162936e+02   6.5338807e-01             NaN   6.1517876e+01   4.0839289e+01   2.8098814e+00   1.0765816e+03   8.2257601e-01   3.7814888e-11   2.7558938e+00   1.2025087e-05   1.5378357e-03   6.8533302e-01
   3.9048315e+02   2.2389997e+02   4.2448722e+01   3.3856126e+02   4.1735837e+02   2.9157146e+02   6.5132851e-01             NaN   6.1945394e+01   4.0727900e+01   2.9002604e+00   1.0794352e+03   8.4793455e-01   3.7782878e-11   2.6968020e+00   1.1849531e-05   1.5259148e-03   7.6092690e-01
   3.9438798e+02   2.2348115e+02   4.2281103e+01   3.3721374e+02   4.1617070e+02   2.9135037e+02   6.5016165e-01             NaN   6.1850005e+01   4.0653554e+01   2.8967349e+00   1.0837737e+03   8.9150397e-01   3.8266012e-11   2.7268377e+00   1.1926757e-05   1.5478518e-03   7.6075302e-01
   3.9833186e+02   2.2458107e+02   4.2408452e+01   3.3808130e+02   4.1741790e+02   2.9158182e+02   6.4868828e-01             NaN   6.1890556e+01   4.0781864e+01   2.8389985e+00   1.0772623e+03   8.1921432e-01   3.7928755e-11   2.7421784e+00   1.2023580e-05   1.5331476e-03   7.0153663e-01
   4.0231518e+02   2.2449240e+02   4.2632303e+01   3.3695982e+02   4.1673860e+02   2.9143913e+02   6.4592221e-01             NaN   6.0634851e+01   4.1532056e+01   2.8349332e+00   1.0788524e+03   8.5570683e-01   3.7411268e-11   2.6703679e+00   1.1622639e-05   1.5435749e-03   7.4087641e-01
   4.0633833e+02   2.2439004e+02   4.2219364e+01   3.3895066e+02   4.1791328e+02   2.9164536e+02   6.4919367e-01             NaN   6.1682820e+01   4.1100670e+01   2.7638952e+00   1.0753283e+03   8.0330309e-01   3.7998413e-11   2.6634009e+00   1.1986990e-05   1.5411473e-03   6.3362329e-01
   4.1040172e+02   2.2446674e+02   4.2283747e+01   3.3806608e+02   4.1739031e+02   2.9159020e+02   6.4729953e-01             NaN   6.1921075e+01   4.1100839e+01   2.8816246e+00   1.0756951e+03   8.1805317e-01   3.7900364e-11   2.6716926e+00   1.1834736e-05   1.5312724e-03   7.4314720e-01
   4.1450574e+02   2.2374055e+02   4.2287244e+01   3.3712847e+02   4.1626802e+02   2.9139747e+02   6.5091451e-01             NaN   6.1721099e+01   4.0698295e+01   2.9443526e+00   1.0848687e+03   9.1596954e-01   3.8285266e-11   2.7276621e+00   1.1715171e-05   1.5518615e-03   8.1281775e-01
   4.1865079e+02   2.2380745e+02   4.2166043e+01   3.3878203e+02   4.1767210e+02   2.9162865e+02   6.5013207e-01             NaN   6.1441653e+01   4.1134300e+01   2.8525036e+00   1.0788810e+03   8.7083065e-01   3.7947312e-11   2.7605517e+00   1.1724430e-05   1.5451384e-03   7.3059158e-01
   4.2283730e+02   2.2472792e+02   4.2509782e+01   3.3818278e+02   4.1751672e+02   2.9155424e+02   6.4711445e-01             NaN   6.1362004e+01   4.1638617e+01   2.8526912e+00   1.0774019e+03   8.5969288e-01   3.7849393e-11   2.6925384e+00   1.1597277e-05   1.5431834e-03   7.3357338e-01
   4.2706567e+02   2.2392231e+02   4.2444484e+01   3.3792153e+02   4.1707791e+02   2.9154226e+02   6.4761960e-01             NaN   6.1347785e+01   4.1051742e+01   2.8935702e+00   1.0819772e+03   8.5432637e-01   3.8160892e-11   2.6971900e+00   1.1665331e-05   1.5562261e-03   7.7491856e-01
   4.3133633e+02   2.2513012e+02   4.2525800e+01   3.3726672e+02   4.1719879e+02   2.9151542e+02   6.4329769e-01             NaN   6.0714467e+01   4.2008832e+01   2.7912476e+00   1.0782643e+03   8.5178308e-01   3.7921819e-11   2.6945904e+00   1.1615029e-05   1.5625815e-03   6.9443214e-01
   4.3564969e+02   2.2506050e+02   4.2569199e+01   3.3792445e+02   4.1777195e+02   2.9161276e+02   6.4408472e-01             NaN   6.0574553e+01   4.1994408e+01   2.8567779e+00   1.0781388e+03   8.6150535e-01   3.8044060e-11   2.7043131e+00   1.1555024e-05   1.5712823e-03   7.6485165e-01
   4.4000619e+02   2.2413782e+02   4.2298675e+01   3.3813681e+02   4.1757925e+02   2.9158107e+02   6.4539363e-01             NaN   6.1102601e+01   4.1421844e+01   2.8596356e+00   1.0800448e+03   8.7264585e-01   3.8179268e-11   2.7229046e+00   1.1543190e-05   1.5632426e-03   7.4947778e-01
   4.4440625e+02   2.2540187e+02   4.2701433e+01   3.3724162e+02   4.1747478e+02   2.9156645e+02   6.4078656e-01             NaN   6.0445828e+01   4.1978753e+01   2.8379117e+00   1.0796719e+03   8.5309820e-01   3.8230641e-11   2.7174740e+00   1.1590775e-05   1.5823621e-03   7.5044551e-01
   4.4885031e+02   2.2559475e+02   4.2614266e+01   3.3755700e+02   4.1776232e+02   2.9161965e+02   6.4186775e-01             NaN   6.0960084e+01   4.1832553e+01   2.7962069e+00   1.0772379e+03   8.4571702e-01   3.8402846e-11   2.7251327e+00   1.1708038e-05   1.5760676e-03   6.9096342e-01
   4.5333882e+02   2.2466946e+02   4.2559903e+01   3.3779800e+02   4.1759112e+02   2.9159004e+02   6.4218355e-01             NaN   6.0628824e+01   4.1852344e+01   2.8552933e+00   1.0758305e+03   8.7630618e-01   3.8321612e-11   2.7323470e+00   1.1483389e-05   1.5813374e-03   7.6150396e-01
   4.5787221e+02   2.2488367e+02   4.2538018e+01   3.3745183e+02   4.1725451e+02   2.9152967e+02   6.4422658e-01             NaN   6.0342565e+01   4.2079326e+01   2.7867855e+00   1.0748783e+03   8.4431033e-01   3.8255741e-11   2.7324008e+00   1.1512008e-05   1.5860784e-03   7.0284313e-01
   4.6245093e+02   2.2359929e+02   4.2393051e+01   3.3829406e+02   4.1741022e+02   2.9157713e+02   6.4640727e-01             NaN   6.0546804e+01   4.1659598e+01   2.8648716e+00   1.0785260e+03   8.8512588e-01   3.8621141e-11   2.7721537e+00   1.1416480e-05   1.5958115e-03   7.7385619e-01
   4.6707544e+02   2.2543241e+02   4.2443026e+01   3.3775538e+02   4.1820597e+02   2.9169367e+02   6.3687263e-01             NaN   5.9840329e+01   4.2556908e+01   2.6919735e+00   1.0705007e+03   7.8620858e-01   3.7964820e-11   2.7249441e+00   1.1456628e-05   1.5872372e-03   6.2538852e-01
   4.7174619e+02   2.2408618e+02   4.2350835e+01   3.3856850e+02   4.1789033e+02   2.9161862e+02   6.4489842e-01             NaN   6.0336587e+01   4.1944368e+01   2.7781915e+00   1.0733170e+03   8.1447140e-01   3.7894184e-11   2.6446880e+00   1.1290749e-05   1.5712774e-03   6.9449991e-01
   4.7646365e+02   2.2441567e+02   4.2275314e+01   3.3947208e+02   4.1855283e+02   2.9175995e+02   6.4661712e-01             NaN   6.0935169e+01   4.1988926e+01   2.8276882e+00   1.0774449e+03   8.3000291e-01   3.8429633e-11   2.6718458e+00   1.1405818e-05   1.5777395e-03   7.2320880e-01
   4.8122829e+02   2.2418394e+02   4.2510979e+01   3.3741209e+02   4.1661986e+02   2.9139832e+02   6.4888188e-01             NaN   6.1241246e+01   4.1543637e+01   2.9663928e+00   1.0839038e+03   9.2058499e-01   3.8892326e-11   2.7798090e+00   1.1306806e-05   1.5888472e-03   8.5146504e-01
   4.8604057e+02   2.2548260e+02   4.2598425e+01   3.3594257e+02   4.1639993e+02   2.9141975e+02   6.4017223e-01             NaN   6.0851851e+01   4.1765430e+01   2.8386960e+00   1.0844072e+03   9.1362071e-01   3.8865256e-11   2.8512416e+00   1.1558594e-05   1.5978236e-03   7.3711356e-01
   4.9090098e+02   2.2435591e+02   4.2178422e+01   3.3768767e+02   4.1701515e+02   2.9152076e+02   6.4726080e-01             NaN   6.1268184e+01   4.1566175e+01   2.8401782e+00   1.0805391e+03   8.3618821e-01   3.8748830e-11   2.8606383e+00   1.1513371e-05   1.5822115e-03   7.2421646e-01
   4.9580999e+02   2.2456899e+02   4.2243286e+01   3.3747061e+02   4.1684187e+02   2.9149809e+02   6.4673320e-01             NaN   6.1052127e+01   4.1756935e+01   2.8836532e+00   1.0801858e+03   8.5738504e-01   3.8409500e-11   2.7676579e+00   1.1365637e-05   1.5739221e-03   7.7517473e-01
   5.0076809e+02   2.2307702e+02   4.1969129e+01   3.3797526e+02   4.1670030e+02   2.9146456e+02   6.5174319e-01             NaN   6.1489713e+01   4.1142331e+01   2.9789406e+00   1.0889348e+03   9.7948015e-01   3.9108446e-11   2.7708646e+00   1.1239488e-05   1.5911588e-03   8.5535012e-01
   5.0577577e+02   2.2517920e+02   4.2656265e+01   3.3666840e+02   4.1728003e+02   2.9156616e+02   6.3787599e-01             NaN   5.9788369e+01   4.2148620e+01   2.8227792e+00   1.0851511e+03   8.8106068e-01   3.8783544e-11   2.8188232e+00   1.1193380e-05   1.6228866e-03   7.5800263e-01
   5.1083353e+02   2.2426858e+02   4.2123412e+01   3.3950907e+02   4.1883473e+02   2.9179829e+02   6.4239103e-01             NaN   6.0152163e+01   4.2463535e+01   2.7392157e+00   1.0799983e+03   8.0121951e-01   3.8675900e-11   2.7653055e+00   1.1276805e-05   1.6085493e-03   6.6181723e-01
   5.1594186e+02   2.2579296e+02   4.2810386e+01   3.3833029e+02   4.1896158e+02   2.9180109e+02   6.3486977e-01             NaN   5.9822816e+01   4.2619974e+01   2.7855082e+00   1.0798568e+03   8.3162680e-01   3.8586204e-11   2.6985466e+00   1.1115775e-05   1.6137020e-03   7.1954553e-01
   5.2110128e+02   2.2421159e+02   4.2225059e+01   3.3934293e+02   4.1855076e+02   2.9175315e+02   6.4469487e-01             NaN   6.0356010e+01   4.2257585e+01   2.8441166e+00   1.0796278e+03   8.7827918e-01   3.9033593e-11   2.7325965e+00   1.1214987e-05   1.6179916e-03   7.5974093e-01
   5.2631229e+02   2.2475557e+02   4.2545260e+01   3.3786457e+02   4.1738749e+02   2.9155695e+02   6.4488837e-01             NaN   6.0550410e+01   4.2224263e+01   2.8710663e+00   1.0837425e+03   8.9277862e-01   3.9225239e-11   2.8025792e+00   1.1220765e-05   1.6207571e-03   7.8003084e-01
   5.3157542e+02   2.2420877e+02   4.2200822e+01   3.3730164e+02   4.1703321e+02   2.9151397e+02   6.4450237e-01             NaN   6.0531959e+01   4.2126795e+01   2.9213072e+00   1.0901792e+03   9.4238198e-01   3.9479080e-11   2.8720935e+00   1.1107109e-05   1.6316276e-03   8.3076122e-01
   5.3689117e+02   2.2359837e+02   4.2180800e+01   3.3770450e+02   4.1667375e+02   2.9147095e+02   6.4906642e-01             NaN   6.0570159e+01   4.1801836e+01   2.9430954e+00   1.0893800e+03   9.4894349e-01   3.9351341e-11   2.9116670e+00   1.1166470e-05   1.6253378e-03   8.5124968e-01
   5.4226008e+02   2.2379883e+02   4.2464711e+01   3.3704371e+02   4.1644023e+02   2.9140172e+02   6.4600667e-01             NaN   6.0206203e+01   4.1713474e+01   2.8927511e+00   1.0932419e+03   9.4193890e-01   3.9706185e-11   2.8986615e+00   1.1189807e-05   1.6499910e-03   8.1357955e-01
   5.4768268e+02   2.2457915e+02   4.2268988e+01   3.3857319e+02   4.1834172e+02   2.9173428e+02   6.4057279e-01             NaN   5.9851212e+01   4.2618108e+01   2.8104268e+00   1.0859658e+03   8.9075381e-01   3.9625042e-11   2.8653108e+00   1.1211367e-05   1.6563039e-03   7.4341257e-01
   5.5315951e+02   2.2488014e+02   4.2454065e+01   3.3781834e+02   4.1745449e+02   2.9156126e+02   6.4335258e-01             NaN   6.0320761e+01   4.2544476e+01   2.9070854e+00   1.0870263e+03   9.2251039e-01   3.9558499e-11   2.8496209e+00   1.0963977e-05   1.6407039e-03   8.2392200e-01
   5.5869111e+02   2.2583952e+02   4.2644461e+01   3.3727856e+02   4.1773293e+02   2.9161194e+02   6.3694033e-01             NaN   6.0062400e+01   4.2876270e+01   2.7993105e+00   1.0862066e+03   8.8568684e-01   4.0064638e-11   2.9036434e+00   1.1197051e-05   1.6688664e-03   7.2509725e-01
   5.6427802e+02   2.2644697e+02   4.2827546e+01   3.3695337e+02   4.1802974e+02   2.9165702e+02   6.3035323e-01             NaN   5.9201115e+01   4.3393233e+01   2.7792665e+00   1.0827815e+03   8.4302000e-01   3.9449372e-11   2.8788261e+00   1.0991937e-05   1.6671500e-03   7.3480389e-01
   5.6992080e+02   2.2567209e+02   4.2618250e+01   3.3700252e+02   4.1779373e+02   2.9164177e+02   6.3484004e-01             NaN   5.8987595e+01   4.3204440e+01   2.8493397e+00   1.0854040e+03   9.2380000e-01   3.9846464e-11   2.8579059e+00   1.0879885e-05   1.6899592e-03   8.1216947e-01
   5.7562000e+02   2.2492735e+02   4.2494378e+01   3.3710360e+02   4.1716113e+02   2.9153080e+02   6.4083504e-01             NaN   5.9941433e+01   4.2663997e+01   2.8969615e+00   1.0902872e+03   9.4990694e-01   4.0240194e-11   2.9149497e+00   1.0964194e-05   1.6795236e-03   8.2687886e-01
   5.8137620e+02   2.2633042e+02   4.2635688e+01   3.3673028e+02   4.1767236e+02   2.9162208e+02   6.3562661e-01             NaN   5.9431121e+01   4.3263491e+01   2.7603821e+00   1.0855293e+03   8.5078152e-01   3.9634150e-11   2.9065475e+00   1.1021126e-05   1.6684393e-03   7.0793073e-01
   5.8718997e+02   2.2655448e+02   4.2722200e+01   3.3746275e+02   4.1859307e+02   2.9175672e+02   6.3248829e-01             NaN   5.9377542e+01   4.3357906e+01   2.7793943e+00   1.0847286e+03   8.7312429e-01   3.9709041e-11   2.8562194e+00   1.0952240e-05   1.6731030e-03   7.2879665e-01
   5.9306187e+02   2.2419609e+02   4.2269953e+01   3.3881729e+02   4.1802490e+02   2.9167213e+02   6.4457621e-01             NaN   6.0291965e+01   4.2361855e+01   2.9322286e+00   1.0882407e+03   9.2417487e-01   4.0475182e-11   2.8976699e+00   1.0920966e-05   1.6795134e-03   8.5004469e-01
   5.9899249e+02   2.2518472e+02   4.2275495e+01   3.3840349e+02   4.1867756e+02   2.9182453e+02   6.3726957e-01             NaN   6.0039993e+01   4.2652847e+01   2.8400644e+00   1.0870719e+03   9.3671381e-01   4.0199601e-11   2.9369455e+00   1.0964801e-05   1.6750240e-03   7.6651462e-01
   6.0498241e+02   2.2516515e+02   4.2399351e+01   3.3867557e+02   4.1850521e+02   2.9176313e+02   6.3948108e-01             NaN   6.0108987e+01   4.2841261e+01   2.8556766e+00   1.0832006e+03   8.9506361e-01   4.0019905e-11   2.8909171e+00   1.0928461e-05   1.6656833e-03   7.7981990e-01
   6.1103223e+02   2.2450214e+02   4.2301712e+01   3.3835837e+02   4.1785266e+02   2.9166954e+02   6.4207695e-01             NaN   6.0347369e+01   4.2369816e+01   2.9072402e+00   1.0878483e+03   9.2711616e-01   4.0372969e-11   2.9046376e+00   1.0875247e-05   1.6737444e-03   8.2315584e-01
   6.1714256e+02   2.2566803e+02   4.2601836e+01   3.3621991e+02   4.1672656e+02   2.9146722e+02   6.3684604e-01             NaN   5.9699708e+01   4.3114956e+01   2.8622823e+00   1.0874431e+03   9.4683039e-01   4.0283190e-11   2.9439046e+00   1.0858430e-05   1.6881086e-03   8.0052654e-01
   6.2331398e+02   2.2400866e+02   4.1937501e+01   3.3842341e+02   4.1767563e+02   2.9164695e+02   6.4661544e-01             NaN   6.0448474e+01   4.2329093e+01   2.9269813e+00   1.0872425e+03   9.6697799e-01   4.0315965e-11   2.9268961e+00   1.0792874e-05   1.6685146e-03   8.3931647e-01
   6.2954712e+02   2.2453251e+02   4.2280956e+01   3.3882374e+02   4.1839873e+02   2.9175016e+02   6.4292557e-01             NaN   5.9954182e+01   4.2624562e+01   2.8802453e+00   1.0880110e+03   9.1904289e-01   4.0549857e-11   2.9566888e+00   1.0795644e-05   1.6920763e-03   8.0970759e-01
   6.3584259e+02   2.2574459e+02   4.2260273e+01   3.3892378e+02   4.1910529e+02   2.9188891e+02   6.3922841e-01             NaN   6.0123081e+01   4.3067764e+01   2.8266674e+00   1.0892715e+03   8.9928355e-01   4.0676798e-11   2.9835220e+00   1.0927184e-05   1.6925418e-03   7.5021926e-01
   6.4220102e+02   2.2474131e+02   4.2431201e+01   3.3852000e+02   4.1827191e+02   2.9168610e+02   6.3811241e-01             NaN   5.9123763e+01   4.3559636e+01   2.8307145e+00   1.0863958e+03   8.9686667e-01   4.0002064e-11   2.8942601e+00   1.0650088e-05   1.6927432e-03   7.8895277e-01
   6.4862303e+02   2.2409506e+02   4.2340735e+01   3.3875901e+02   4.1823386e+02   2.9170801e+02   6.3936093e-01             NaN   5.9579343e+01   4.2812584e+01   2.8791904e+00   1.0887874e+03   9.3156397e-01   4.0498766e-11   2.8893634e+00   1.0637952e-05   1.7005969e-03   8.2162261e-01
   6.5510926e+02   2.2466901e+02   4.2170293e+01   3.3873198e+02   4.1869664e+02   2.9179594e+02   6.3907684e-01             NaN   5.9298476e+01   4.3246352e+01   2.8794554e+00   1.0899745e+03   9.7436363e-01   4.0842552e-11   2.9626558e+00   1.0621647e-05   1.7231233e-03   8.3154832e-01
   6.6166035e+02   2.2507013e+02   4.2290957e+01   3.3932405e+02   4.1906766e+02   2.9186537e+02   6.3947737e-01             NaN   5.9913093e+01   4.3078172e+01   2.8432660e+00   1.0876763e+03   9.1589768e-01   4.1397434e-11   3.0479685e+00   1.0854284e-05   1.7286180e-03   7.7413426e-01
   6.6827696e+02   2.2495828e+02   4.2370783e+01   3.3765776e+02   4.1788595e+02   2.9165729e+02   6.3536539e-01             NaN   5.9190549e+01   4.3452629e+01   2.8961071e+00   1.0870238e+03   9.7028500e-01   4.0779229e-11   3.0056822e+00   1.0571540e-05   1.7236120e-03   8.5195493e-01
   6.7495972e+02   2.2502455e+02   4.2252916e+01   3.3924235e+02   4.1895857e+02   2.9184592e+02   6.3821938e-01             NaN   5.9727873e+01   4.3156780e+01   2.8677632e+00   1.0869469e+03   9.3232060e-01   4.0960306e-11   2.9805900e+00   1.0631404e-05   1.7156976e-03   8.0506263e-01
   6.8170932e+02   2.2461720e+02   4.2440495e+01   3.3872903e+02   4.1824706e+02   2.9169992e+02   6.4042372e-01             NaN   5.9200011e+01   4.3514645e+01   2.8857395e+00   1.0890295e+03   9.5610560e-01   4.1194828e-11   2.9792911e+00   1.0560805e-05   1.7409171e-03   8.4128079e-01
   6.8852642e+02   2.2560732e+02   4.2608076e+01   3.3700494e+02   4.1743065e+02   2.9157479e+02   6.3559301e-01             NaN   5.8845827e+01   4.3814239e+01   2.8601828e+00   1.0904467e+03   9.6670322e-01   4.1118957e-11   2.9986240e+00   1.0486358e-05   1.7481879e-03   8.2797688e-01
   6.9541168e+02   2.2639945e+02   4.2831789e+01   3.3668714e+02   4.1753145e+02   2.9159094e+02   6.3470263e-01             NaN   5.8680888e+01   4.4126845e+01   2.8586287e+00   1.0903244e+03   9.3954150e-01   4.0714661e-11   2.9754398e+00   1.0445183e-05   1.7358160e-03   8.3206213e-01
   7.0236580e+02   2.2662732e+02   4.2583177e+01   3.3640548e+02   4.1788452e+02   2.9165937e+02   6.2951601e-01             NaN   5.8191132e+01   4.4290234e+01   2.7344894e+00   1.0894753e+03   8.8273773e-01   4.0660356e-11   2.9602409e+00   1.0436246e-05   1.7481373e-03   7.2489053e-01
   7.0938945e+02   2.2504772e+02   4.2381758e+01   3.3843492e+02   4.1828678e+02   2.9174050e+02   6.3995790e-01             NaN   5.9435762e+01   4.3541054e+01   2.8787436e+00   1.0914434e+03   9.2478116e-01   4.1599775e-11   3.0227693e+00   1.0484305e-05   1.7510091e-03   8.2608694e-01
   7.1648335e+02   2.2634687e+02   4.2643594e+01   3.3778607e+02   4.1843695e+02   2.9175448e+02   6.3323402e-01             NaN   5.8914333e+01   4.4123865e+01   2.8377509e+00   1.0902055e+03   9.4429829e-01   4.1837768e-11   3.1340441e+00   1.0654156e-05   1.7766362e-03   8.0312887e-01
   7.2364818e+02   2.2538261e+02   4.2399164e+01   3.3910833e+02   4.1911951e+02   2.9184356e+02   6.3563190e-01             NaN   5.9110294e+01   4.3967190e+01   2.8506287e+00   1.0887455e+03   9.1027913e-01   4.0884233e-11   3.0113977e+00   1.0382207e-05   1.7304183e-03   8.0927392e-01
   7.3088466e+02   2.2508838e+02   4.2244874e+01   3.3929161e+02   4.1920297e+02   2.9189262e+02   6.3715828e-01             NaN   5.9428715e+01   4.3586653e+01   2.9442233e+00   1.0966288e+03   1.0197033e+00   4.1823051e-11   2.9862695e+00   1.0312517e-05   1.7606065e-03   8.9179892e-01
   7.3819351e+02   2.2635226e+02   4.2648279e+01   3.3655301e+02   4.1761462e+02   2.9161923e+02   6.3182996e-01             NaN   5.8548472e+01   4.4364713e+01   2.8616557e+00   1.0940200e+03   9.6557445e-01   4.1574985e-11   3.0351989e+00   1.0382861e-05   1.7765261e-03   8.3968773e-01
   7.4557545e+02   2.2655739e+02   4.2705576e+01   3.3706730e+02   4.1808412e+02   2.9169095e+02   6.3143434e-01             NaN   5.8424910e+01   4.4319153e+01   2.7905437e+00   1.0902758e+03   9.3391999e-01   4.1497006e-11   3.0487198e+00   1.0396223e-05   1.7769251e-03   7.7282145e-01
   7.5303120e+02   2.2588026e+02   4.2542652e+01   3.3831675e+02   4.1858151e+02   2.9175186e+02   6.3443273e-01             NaN   5.8777197e+01   4.4187661e+01   2.7439171e+00   1.0886164e+03   8.6405744e-01   4.1061537e-11   3.0217392e+00   1.0356783e-05   1.7478117e-03   7.1411212e-01
   7.6056151e+02   2.2595122e+02   4.2728469e+01   3.3789121e+02   4.1853424e+02   2.9176007e+02   6.3277919e-01             NaN   5.8847080e+01   4.3976537e+01   2.8720220e+00   1.0919079e+03   9.3742922e-01   4.1339913e-11   2.9842168e+00   1.0253809e-05   1.7575766e-03   8.3980987e-01
   7.6816713e+02   2.2620211e+02   4.2516854e+01   3.3787429e+02   4.1859863e+02   2.9178741e+02   6.3232949e-01             NaN   5.8752967e+01   4.4206420e+01   2.8028848e+00   1.0935436e+03   9.1818674e-01   4.1582815e-11   2.9848615e+00   1.0350338e-05   1.7706478e-03   7.7382225e-01
   7.7584880e+02   2.2594919e+02   4.2804418e+01   3.3688588e+02   4.1764080e+02   2.9158393e+02   6.3107656e-01             NaN   5.7603734e+01   4.4815244e+01   2.8426667e+00   1.0910853e+03   9.6871220e-01   4.1333031e-11   3.0477039e+00   1.0090083e-05   1.7952000e-03   8.5337644e-01
   7.8360729e+02   2.2592489e+02   4.2484810e+01   3.3793386e+02   4.1909793e+02   2.9187676e+02   6.2729639e-01             NaN   5.7771552e+01   4.4581340e+01   2.8590210e+00   1.0916616e+03   1.0024158e+00   4.1388524e-11   3.0632024e+00   1.0044336e-05   1.7923277e-03   8.6386777e-01
   7.9144336e+02   2.2780891e+02   4.2979533e+01   3.3744739e+02   4.1965541e+02   2.9194746e+02   6.2330238e-01             NaN   5.7357990e+01   4.5128777e+01   2.7761616e+00   1.0898625e+03   9.3066106e-01   4.1539005e-11   3.0354556e+00   1.0086070e-05   1.8118298e-03   7.9530778e-01
   7.9935779e+02   2.2603309e+02   4.2660780e+01   3.3789186e+02   4.1865720e+02   2.9176121e+02   6.3017396e-01             NaN   5.7984884e+01   4.4696840e+01   2.8090894e+00   1.0926506e+03   9.7141661e-01   4.2002968e-11   3.0614762e+00   1.0120423e-05   1.8122872e-03   8.0661618e-01
   8.0735137e+02   2.2704846e+02   4.2684482e+01   3.3759885e+02   4.1900365e+02   2.9182738e+02   6.2696357e-01             NaN   5.7744675e+01   4.5338380e+01   2.7544429e+00   1.0865117e+03   8.9531258e-01   4.1406291e-11   3.0640690e+00   1.0043090e-05   1.7939314e-03   7.6021742e-01
   8.1542488e+02   2.2698053e+02   4.2466025e+01   3.3889968e+02   4.2011218e+02   2.9201811e+02   6.2735023e-01             NaN   5.7630100e+01   4.5379420e+01   2.7837748e+00   1.0866953e+03   9.2261496e-01   4.1455553e-11   3.0079277e+00   9.9743360e-06   1.7996635e-03   7.9353622e-01
   8.2357913e+02   2.2629546e+02   4.2648593e+01   3.3786962e+02   4.1926213e+02   2.9189084e+02   6.2368205e-01             NaN   5.7658782e+01   4.4879756e+01   2.8297419e+00   1.0928125e+03   9.6165741e-01   4.1954280e-11   3.0443859e+00   9.9213540e-06   1.8203970e-03   8.3850063e-01
   8.3181493e+02   2.2731183e+02   4.2837052e+01   3.3685248e+02   4.1844429e+02   2.9171750e+02   6.2631293e-01             NaN   5.7350779e+01   4.5474324e+01   2.7657293e+00   1.0919214e+03   9.1731586e-01   4.1651361e-11   3.0760920e+00   9.9728386e-06   1.8170230e-03   7.8519425e-01
   8.4013307e+02   2.2576549e+02   4.2344328e+01   3.3854065e+02   4.1907080e+02   2.9184312e+02   6.3272905e-01             NaN   5.8120576e+01   4.4753615e+01   2.8632789e+00   1.0963055e+03   9.9315124e-01   4.2348319e-11   3.0926308e+00   9.9990414e-06   1.8229316e-03   8.5613016e-01
   8.4853441e+02   2.2633253e+02   4.2543142e+01   3.3825864e+02   4.1918571e+02   2.9184993e+02   6.2983468e-01             NaN   5.7707247e+01   4.5233522e+01   2.8205928e+00   1.0912036e+03   9.6958041e-01   4.2015873e-11   3.1201315e+00   9.8927506e-06   1.8215708e-03   8.2771306e-01
   8.5701975e+02   2.2631597e+02   4.2621624e+01   3.3787952e+02   4.1878440e+02   2.9179128e+02   6.3031896e-01             NaN   5.7516293e+01   4.5329689e+01   2.8011800e+00   1.0906872e+03   9.4715215e-01   4.1927771e-11   3.0882286e+00   9.7778724e-06   1.8238053e-03   8.1491575e-01
   8.6558995e+02   2.2632116e+02   4.2774908e+01   3.3762885e+02   4.1870956e+02   2.9179501e+02   6.2892822e-01             NaN   5.7520398e+01   4.4876118e+01   2.8408633e+00   1.0936401e+03   9.8769044e-01   4.2232825e-11   3.1038962e+00   9.8218517e-06   1.8369533e-03   8.5446753e-01
   8.7424585e+02   2.2584775e+02   4.2308387e+01   3.3917216e+02   4.1966071e+02   2.9195696e+02   6.3030109e-01             NaN   5.8230563e+01   4.4789391e+01   2.8505962e+00   1.0919352e+03   9.5778851e-01   4.2422052e-11   3.1391227e+00   9.8447355e-06   1.8226397e-03   8.3963081e-01
   8.8298830e+02   2.2542702e+02   4.2125802e+01   3.3882853e+02   4.1880016e+02   2.9182631e+02   6.3733725e-01             NaN   5.8709273e+01   4.4722843e+01   2.9167468e+00   1.0974169e+03   1.0004618e+00   4.2573017e-11   3.1352184e+00   9.7974820e-06   1.8141882e-03   8.8922360e-01
   8.9181819e+02   2.2648428e+02   4.2338151e+01   3.3848614e+02   4.1933234e+02   2.9190065e+02   6.3153167e-01             NaN   5.8077676e+01   4.5265889e+01   2.8439502e+00   1.0992725e+03   9.9006134e-01   4.2690257e-11   3.1405675e+00   9.7914452e-06   1.8389365e-03   8.3820485e-01
   9.0073637e+02   2.2653862e+02   4.2386774e+01   3.3773566e+02   4.1861967e+02   2.9177880e+02   6.3011508e-01             NaN   5.8068967e+01   4.5287356e+01   2.8495493e+00   1.0977092e+03   9.6821227e-01   4.2575054e-11   3.1477021e+00   9.7578330e-06   1.8342866e-03   8.4414587e-01
   9.0974373e+02   2.2695046e+02   4.2343334e+01   3.3884299e+02   4.1979425e+02   2.9199441e+02   6.3081903e-01             NaN   5.8029463e+01   4.5459303e+01   2.7634314e+00   1.0980260e+03   9.1714923e-01   4.2774955e-11   3.1686530e+00   9.8487006e-06   1.8441613e-03   7.5940056e-01
   9.1884117e+02   2.2641112e+02   4.2658149e+01   3.4007462e+02   4.2068772e+02   2.9207575e+02   6.3108618e-01             NaN   5.7281264e+01   4.5687475e+01   2.8332480e+00   1.0980810e+03   9.5819892e-01   4.2383923e-11   3.0901223e+00   9.5808436e-06   1.8512201e-03   8.5510882e-01
   9.2802958e+02   2.2395148e+02   4.2141252e+01   3.3962644e+02   4.1895515e+02   2.9187236e+02   6.3987174e-01             NaN   5.8924898e+01   4.3907452e+01   3.0266315e+00   1.1114767e+03   1.0588570e+00   4.3328982e-11   3.1384882e+00   9.5736101e-06   1.8396301e-03   9.9164417e-01
   9.3730988e+02   2.2540474e+02   4.1962104e+01   3.3843902e+02   4.1887567e+02   2.9186793e+02   6.3568295e-01             NaN   5.8423006e+01   4.4739808e+01   2.9414658e+00   1.1078123e+03   1.0754893e+00   4.3635983e-11   3.2882443e+00   9.6724142e-06   1.8685191e-03   9.2374540e-01
   9.4668298e+02   2.2613822e+02   4.2150659e+01   3.3861857e+02   4.1950770e+02   2.9196381e+02   6.3014902e-01             NaN   5.7806013e+01   4.5282739e+01   2.8625999e+00   1.1038635e+03   1.0193343e+00   4.3163546e-11   3.2895972e+00   9.6805774e-06   1.8680896e-03   8.6626615e-01
   9.5614981e+02   2.2680345e+02   4.2820864e+01   3.3775376e+02   4.1886043e+02   2.9182496e+02   6.2834638e-01             NaN   5.7421483e+01   4.5651925e+01   2.8790296e+00   1.1049366e+03   1.0165799e+00   4.3099447e-11   3.1830803e+00   9.4946713e-06   1.8778346e-03   8.9600494e-01
   9.6571130e+02   2.2722694e+02   4.2778811e+01   3.3748888e+02   4.1891225e+02   2.9181488e+02   6.2489013e-01             NaN   5.7320787e+01   4.5859474e+01   2.7822381e+00   1.1036008e+03   9.7850420e-01   4.3606753e-11   3.1938217e+00   9.6696042e-06   1.9032547e-03   8.0266937e-01
   9.7536842e+02   2.2699525e+02   4.2611067e+01   3.3895813e+02   4.2009342e+02   2.9205455e+02   6.2796681e-01             NaN   5.7083896e+01   4.5914989e+01   2.8263549e+00   1.1020670e+03   9.6726581e-01   4.3519114e-11   3.2384483e+00   9.6092594e-06   1.9072901e-03   8.5494450e-01
   9.8512210e+02   2.2585727e+02   4.2351819e+01   3.3773982e+02   4.1845126e+02   2.9175847e+02   6.3166721e-01             NaN   5.7569205e+01   4.5594686e+01   2.8801017e+00   1.1056762e+03   1.0083528e+00   4.3920921e-11   3.3132178e+00   9.5215758e-06   1.9086888e-03   8.9194761e-01
   9.9497332e+02   2.2723690e+02   4.2404105e+01   3.3722997e+02   4.1923386e+02   2.9191806e+02   6.2149488e-01             NaN   5.6474458e+01   4.6391400e+01   2.7765560e+00   1.1002185e+03   1.0090290e+00   4.3683257e-11   3.3164449e+00   9.5243204e-06   1.9350649e-03   8.2611314e-01
   1.0049231e+03   2.2622127e+02   4.2318529e+01   3.3847744e+02   4.1956429e+02   2.9194061e+02   6.2682776e-01             NaN   5.6791658e+01   4.6118994e+01   2.8205926e+00   1.0993797e+03   9.8571427e-01   4.3423907e-11   3.2527253e+00   9.3689718e-06   1.9128922e-03   8.5925598e-01
   1.0149723e+03   2.2698489e+02   4.2639859e+01   3.3852028e+02   4.1973866e+02   2.9195791e+02   6.2552314e-01             NaN   5.6863364e+01   4.6121255e+01   2.7559539e+00   1.0985570e+03   9.5756736e-01   4.3519761e-11   3.2041221e+00   9.4094266e-06   1.9147720e-03   7.9221759e-01
   1.0251220e+03   2.2437470e+02   4.2201577e+01   3.4027437e+02   4.1949463e+02   2.9193458e+02   6.3826067e-01             NaN   5.7687234e+01   4.5298396e+01   2.9575168e+00   1.1055633e+03   1.0382548e+00   4.4253351e-11   3.2316060e+00   9.3311679e-06   1.9191920e-03   9.6527759e-01
   1.0353732e+03   2.2659063e+02   4.2443217e+01   3.3804737e+02   4.1878199e+02   2.9181069e+02   6.3006547e-01             NaN   5.7258193e+01   4.6213825e+01   2.8250800e+00   1.1060302e+03   1.0133896e+00   4.4049197e-11   3.3147068e+00   9.3611532e-06   1.9247164e-03   8.4772347e-01
   1.0457270e+03   2.2651663e+02   4.2408520e+01   3.3861887e+02   4.1941695e+02   2.9191617e+02   6.2903457e-01             NaN   5.6912110e+01   4.6329316e+01   2.8148470e+00   1.1023952e+03   9.9551499e-01   4.3940210e-11   3.2841744e+00   9.3305131e-06   1.9316166e-03   8.4942894e-01
   1.0561842e+03   2.2524109e+02   4.2125888e+01   3.3950187e+02   4.1965178e+02   2.9199278e+02   6.3315075e-01             NaN   5.7928090e+01   4.5194954e+01   2.9390472e+00   1.1081103e+03   1.0521477e+00   4.4507851e-11   3.3054168e+00   9.2511383e-06   1.9221976e-03   9.3848370e-01
   1.0667461e+03   2.2539759e+02   4.2422622e+01   3.3760296e+02   4.1835508e+02   2.9178568e+02   6.2981003e-01             NaN   5.7101188e+01   4.5338501e+01   2.9678323e+00   1.1152798e+03   1.0978562e+00   4.4490269e-11   3.3793515e+00   9.0642537e-06   1.9492474e-03   9.9580999e-01
   1.0774135e+03   2.2760894e+02   4.2667912e+01   3.3738065e+02   4.1920094e+02   2.9191006e+02   6.2230286e-01             NaN   5.6975924e+01   4.6242753e+01   2.8023445e+00   1.1085276e+03   1.0274612e+00   4.4618251e-11   3.4111632e+00   9.3760750e-06   1.9591958e-03   8.3469182e-01
   1.0881877e+03   2.2608839e+02   4.2212372e+01   3.3914371e+02   4.1979776e+02   2.9199333e+02   6.2971236e-01             NaN   5.6804894e+01   4.6389303e+01   2.8819446e+00   1.1092189e+03   1.0122923e+00   4.4527350e-11   3.3144636e+00   9.2015393e-06   1.9610261e-03   9.2013340e-01
   1.0990695e+03   2.2625275e+02   4.2613879e+01   3.3827764e+02   4.1893405e+02   2.9184612e+02   6.3015260e-01             NaN   5.7175603e+01   4.6026740e+01   2.9096753e+00   1.1132076e+03   1.0669410e+00   4.4814293e-11   3.3354175e+00   9.1575258e-06   1.9609463e-03   9.3514138e-01
   1.1100602e+03   2.2652100e+02   4.2509400e+01   3.3859509e+02   4.1964245e+02   2.9196724e+02   6.2539011e-01             NaN   5.6648343e+01   4.6252624e+01   2.7872680e+00   1.1121739e+03   1.0063950e+00   4.4968467e-11   3.4275851e+00   9.2623978e-06   1.9860795e-03   8.3101427e-01
   1.1211608e+03   2.2781666e+02   4.2879437e+01   3.3844142e+02   4.2047160e+02   2.9210074e+02   6.1825885e-01             NaN   5.5820302e+01   4.7095226e+01   2.7932754e+00   1.1062572e+03   1.0149812e+00   4.4505970e-11   3.3559181e+00   9.0764991e-06   1.9946761e-03   8.6548584e-01
   1.1323725e+03   2.2780639e+02   4.2909912e+01   3.3782857e+02   4.1967455e+02   2.9195464e+02   6.2043298e-01             NaN   5.6233642e+01   4.7047847e+01   2.8207297e+00   1.1065631e+03   1.0315502e+00   4.4528115e-11   3.3176381e+00   8.9405341e-06   1.9810621e-03   8.7872645e-01
