   2.8400000e+02   2.2415476e+02   4.2374005e+01   3.3792931e+02   4.1714308e+02   2.9151386e+02   6.5164531e-01             NaN   6.1864933e+01   4.0441631e+01   2.7689089e+00   1.0719761e+03   7.8046512e-01   3.4990148e-11   2.4276598e+00   1.2204724e-05   1.4149726e-03   6.3236663e-01
   2.8684000e+02   2.2277889e+02   4.2218651e+01   3.3874231e+02   4.1693551e+02   2.9149344e+02   6.5743144e-01             NaN   6.2934567e+01   3.9487683e+01   2.8737588e+00   1.0736688e+03   7.8860150e-01   3.5635136e-11   2.4506483e+00   1.2382469e-05   1.4165961e-03   7.0032646e-01
   2.8970840e+02   2.2123945e+02   4.1737798e+01   3.3834264e+02   4.1583184e+02   2.9133090e+02   6.6349436e-01             NaN   6.3459941e+01   3.8559872e+01   3.0018053e+00   1.0817995e+03   8.9089355e-01   3.6561260e-11   2.5734663e+00   1.2367841e-05   1.4413513e-03   8.1018638e-01
   2.9260548e+02   2.2364460e+02   4.2261159e+01   3.3689602e+02   4.1616434e+02   2.9139027e+02   6.5046330e-01             NaN   6.2730704e+01   3.9544121e+01   2.8194940e+00   1.0759790e+03   8.1274324e-01   3.5985733e-11   2.6137226e+00   1.2584062e-05   1.4351595e-03   6.5306764e-01
   2.9553154e+02   2.2360600e+02   4.2035398e+01   3.3856116e+02   4.1716803e+02   2.9151089e+02   6.5578746e-01             NaN   6.2632607e+01   4.0076033e+01   2.8141493e+00   1.0699914e+03   8.0374456e-01   3.5380836e-11   2.4979506e+00   1.2422197e-05   1.4132362e-03   6.5109683e-01
   2.9848685e+02   2.2350787e+02   4.2255504e+01   3.3838132e+02   4.1737950e+02   2.9155084e+02   6.5007015e-01             NaN   6.1993562e+01   4.0172234e+01   2.8233693e+00   1.0688077e+03   7.7257968e-01   3.5473450e-11   2.4297806e+00   1.2191446e-05   1.4315758e-03   6.8243749e-01
   3.0147172e+02   2.2242396e+02   4.1841403e+01   3.3860316e+02   4.1714485e+02   2.9156427e+02   6.5526156e-01             NaN   6.2868412e+01   3.9231947e+01   2.9322656e+00   1.0760471e+03   8.7163767e-01   3.6288965e-11   2.5287420e+00   1.2370981e-05   1.4440414e-03   7.6102137e-01
   3.0448644e+02   2.2387928e+02   4.1835591e+01   3.4004665e+02   4.1886273e+02   2.9181633e+02   6.5246852e-01             NaN   6.2332499e+01   4.0528579e+01   2.8244396e+00   1.0673398e+03   8.0970220e-01   3.5430818e-11   2.5114932e+00   1.2326745e-05   1.4220091e-03   6.7169485e-01
   3.0753130e+02   2.2396420e+02   4.2017476e+01   3.4115785e+02   4.1985682e+02   2.9200035e+02   6.5033981e-01             NaN   6.2724763e+01   4.0209543e+01   2.7950003e+00   1.0652970e+03   7.5805276e-01   3.5453436e-11   2.4394862e+00   1.2372102e-05   1.4140443e-03   6.2874786e-01
   3.1060662e+02   2.2404928e+02   4.2327262e+01   3.4081458e+02   4.1949211e+02   2.9191511e+02   6.5211268e-01             NaN   6.2947452e+01   4.0156066e+01   2.8166088e+00   1.0667721e+03   7.4070586e-01   3.5906379e-11   2.4609538e+00   1.2444298e-05   1.4270620e-03   6.4269410e-01
   3.1371268e+02   2.2470466e+02   4.2447580e+01   3.3849806e+02   4.1805858e+02   2.9166683e+02   6.4561636e-01             NaN   6.2198744e+01   4.0639636e+01   2.7650595e+00   1.0686581e+03   7.9127088e-01   3.5999837e-11   2.4835608e+00   1.2385399e-05   1.4479913e-03   6.1699009e-01
   3.1684981e+02   2.2392165e+02   4.2324763e+01   3.3911758e+02   4.1827293e+02   2.9169838e+02   6.4748119e-01             NaN   6.1669052e+01   4.0545506e+01   2.7832537e+00   1.0633950e+03   7.4073505e-01   3.5059403e-11   2.4524264e+00   1.2285813e-05   1.4222829e-03   6.5348577e-01
   3.2001831e+02   2.2409286e+02   4.2289808e+01   3.3902318e+02   4.1823669e+02   2.9173174e+02   6.4714991e-01             NaN   6.2484356e+01   4.0161982e+01   2.8613177e+00   1.0681950e+03   7.8610115e-01   3.5562439e-11   2.4317790e+00   1.2372725e-05   1.4238463e-03   7.0336386e-01
   3.2321849e+02   2.2294703e+02   4.2222423e+01   3.3900087e+02   4.1736108e+02   2.9159357e+02   6.5428641e-01             NaN   6.2606712e+01   3.9723333e+01   2.8800282e+00   1.0696841e+03   8.0846031e-01   3.5792308e-11   2.5026723e+00   1.2423493e-05   1.4302675e-03   7.1787640e-01
   3.2645068e+02   2.2299441e+02   4.2265591e+01   3.3927463e+02   4.1736086e+02   2.9154826e+02   6.5700983e-01             NaN   6.2772689e+01   3.9806090e+01   2.8821077e+00   1.0736289e+03   8.4256584e-01   3.5913876e-11   2.5535032e+00   1.2400864e-05   1.4313148e-03   7.1419962e-01
   3.2971518e+02   2.2206646e+02   4.1858709e+01   3.4122162e+02   4.1852803e+02   2.9175905e+02   6.5923811e-01             NaN   6.3322079e+01   3.9365516e+01   2.8291914e+00   1.0714604e+03   7.5826236e-01   3.5849994e-11   2.5260720e+00   1.2558209e-05   1.4163781e-03   6.4231804e-01
   3.3301234e+02   2.2413120e+02   4.2282721e+01   3.4100617e+02   4.1975709e+02   2.9196739e+02   6.4957482e-01             NaN   6.2146967e+01   4.0703960e+01   2.7504508e+00   1.0701174e+03   7.1707379e-01   3.5403050e-11   2.4814510e+00   1.2442014e-05   1.4251391e-03   6.0411743e-01
   3.3634246e+02   2.2395771e+02   4.2180025e+01   3.4052803e+02   4.1964228e+02   2.9195853e+02   6.4753205e-01             NaN   6.1997756e+01   4.0628465e+01   2.8587849e+00   1.0709534e+03   8.3377354e-01   3.5768408e-11   2.4227276e+00   1.2214459e-05   1.4433109e-03   7.1760346e-01
   3.3970588e+02   2.2548893e+02   4.2557095e+01   3.4006344e+02   4.1966547e+02   2.9194293e+02   6.4462804e-01             NaN   6.2494189e+01   4.0870661e+01   2.8203554e+00   1.0682074e+03   8.0709895e-01   3.5839099e-11   2.4613012e+00   1.2355463e-05   1.4347034e-03   6.6207091e-01
   3.4310294e+02   2.2383995e+02   4.2549634e+01   3.3882856e+02   4.1799234e+02   2.9164829e+02   6.4593978e-01             NaN   6.2011496e+01   4.0321921e+01   2.8835852e+00   1.0686603e+03   8.3248382e-01   3.5664843e-11   2.4940209e+00   1.2129871e-05   1.4389108e-03   7.4207473e-01
   3.4653397e+02   2.2423954e+02   4.2354450e+01   3.3972739e+02   4.1875010e+02   2.9181524e+02   6.4994476e-01             NaN   6.2567740e+01   4.0025288e+01   2.8420734e+00   1.0689380e+03   8.3242808e-01   3.6003708e-11   2.5313431e+00   1.2357226e-05   1.4396130e-03   6.8127014e-01
   3.4999931e+02   2.2326453e+02   4.2168227e+01   3.4182080e+02   4.1989705e+02   2.9196187e+02   6.5044263e-01             NaN   6.2455767e+01   4.0553090e+01   2.8194653e+00   1.0645258e+03   7.5501325e-01   3.5480599e-11   2.4452759e+00   1.2318863e-05   1.4212535e-03   6.6254973e-01
   3.5349930e+02   2.2310371e+02   4.2028363e+01   3.4126176e+02   4.1916933e+02   2.9189841e+02   6.5649156e-01             NaN   6.3813767e+01   3.9324822e+01   2.8325863e+00   1.0696775e+03   7.5921546e-01   3.6300643e-11   2.4818827e+00   1.2704666e-05   1.4231046e-03   6.2868957e-01
   3.5703430e+02   2.2404317e+02   4.2187255e+01   3.4100375e+02   4.1991173e+02   2.9198787e+02   6.4608049e-01             NaN   6.2562920e+01   4.0386497e+01   2.7879839e+00   1.0644837e+03   7.5389545e-01   3.5646794e-11   2.4925359e+00   1.2533974e-05   1.4254396e-03   6.2732907e-01
   3.6060464e+02   2.2279243e+02   4.2176425e+01   3.4074247e+02   4.1888039e+02   2.9178978e+02   6.5060602e-01             NaN   6.1962638e+01   4.0342616e+01   2.8281656e+00   1.0674048e+03   7.9016714e-01   3.5801316e-11   2.4737934e+00   1.2325987e-05   1.4455362e-03   6.8831338e-01
   3.6421069e+02   2.2395386e+02   4.2504296e+01   3.4016072e+02   4.1898433e+02   2.9182620e+02   6.4782528e-01             NaN   6.2111629e+01   4.0399112e+01   2.7926105e+00   1.0676977e+03   7.6172875e-01   3.5537291e-11   2.4612739e+00   1.2315254e-05   1.4314027e-03   6.4756636e-01
   3.6785279e+02   2.2439034e+02   4.2576291e+01   3.4080360e+02   4.1990711e+02   2.9196969e+02   6.4441096e-01             NaN   6.1848316e+01   4.0887638e+01   2.7999292e+00   1.0643150e+03   7.8219892e-01   3.6141868e-11   2.4854347e+00   1.2299742e-05   1.4619512e-03   6.6397723e-01
   3.7153132e+02   2.2392323e+02   4.2431039e+01   3.4001953e+02   4.1873077e+02   2.9178634e+02   6.4951186e-01             NaN   6.2245315e+01   4.0526548e+01   2.8448415e+00   1.0665649e+03   8.1792560e-01   3.6099998e-11   2.5199123e+00   1.2375336e-05   1.4509412e-03   6.9517482e-01
   3.7524663e+02   2.2316915e+02   4.2288106e+01   3.4117930e+02   4.1925996e+02   2.9190146e+02   6.5096369e-01             NaN   6.2700694e+01   3.9944722e+01   2.8329426e+00   1.0657889e+03   7.7166567e-01   3.5860795e-11   2.5305509e+00   1.2542653e-05   1.4308741e-03   6.6757196e-01
   3.7899910e+02   2.2175935e+02   4.1742147e+01   3.4239345e+02   4.1925947e+02   2.9188605e+02   6.5966138e-01             NaN   6.3463672e+01   3.9614000e+01   2.8629537e+00   1.0669735e+03   7.8172645e-01   3.6060455e-11   2.4894560e+00   1.2577318e-05   1.4215314e-03   6.7121650e-01
   3.8278909e+02   2.2299116e+02   4.2271213e+01   3.4087712e+02   4.1897828e+02   2.9184399e+02   6.5186546e-01             NaN   6.2710967e+01   3.9950762e+01   2.8681794e+00   1.0682783e+03   8.2081586e-01   3.6072214e-11   2.4940230e+00   1.2411123e-05   1.4390616e-03   7.0243526e-01
   3.8661698e+02   2.2289197e+02   4.2095018e+01   3.4139073e+02   4.1942250e+02   2.9191271e+02   6.5158748e-01             NaN   6.2761249e+01   3.9832125e+01   2.8620518e+00   1.0660850e+03   8.1875453e-01   3.6348446e-11   2.5215530e+00   1.2562598e-05   1.4489414e-03   6.9460342e-01
   3.9048315e+02   2.2350768e+02   4.1908164e+01   3.4208771e+02   4.2064432e+02   2.9214583e+02   6.4841607e-01             NaN   6.2617872e+01   4.0365740e+01   2.8445304e+00   1.0631092e+03   7.9454417e-01   3.6139252e-11   2.5199487e+00   1.2421255e-05   1.4438242e-03   6.8191859e-01
   3.9438798e+02   2.2345457e+02   4.2171649e+01   3.4121685e+02   4.1978366e+02   2.9198114e+02   6.4869964e-01             NaN   6.2502917e+01   4.0248907e+01   2.8852123e+00   1.0660832e+03   8.4276975e-01   3.6406618e-11   2.5487623e+00   1.2395211e-05   1.4572351e-03   7.2665069e-01
   3.9833186e+02   2.2252927e+02   4.1815496e+01   3.4366872e+02   4.2076211e+02   2.9214694e+02   6.5718038e-01             NaN   6.3696928e+01   3.9739155e+01   2.8419584e+00   1.0658239e+03   7.7515678e-01   3.6368951e-11   2.5346176e+00   1.2718644e-05   1.4284108e-03   6.4211686e-01
   4.0231518e+02   2.2185178e+02   4.1765680e+01   3.4380602e+02   4.2049911e+02   2.9209360e+02   6.6041425e-01             NaN   6.3864245e+01   3.9590070e+01   2.9518088e+00   1.0684349e+03   8.2180783e-01   3.6316139e-11   2.4737081e+00   1.2533891e-05   1.4226067e-03   7.4619972e-01
   4.0633833e+02   2.2383924e+02   4.2208562e+01   3.4158710e+02   4.1994368e+02   2.9199759e+02   6.5135744e-01             NaN   6.3011324e+01   4.0422643e+01   2.9034490e+00   1.0709511e+03   8.2917327e-01   3.6154624e-11   2.4672301e+00   1.2425060e-05   1.4354591e-03   7.2730931e-01
   4.1040172e+02   2.2391925e+02   4.2117782e+01   3.4329328e+02   4.2141548e+02   2.9225649e+02   6.4977010e-01             NaN   6.3108042e+01   4.0363245e+01   2.8170916e+00   1.0662195e+03   7.8228635e-01   3.6258224e-11   2.5112316e+00   1.2592295e-05   1.4373550e-03   6.3759498e-01
   4.1450574e+02   2.2307496e+02   4.2067068e+01   3.4409784e+02   4.2199534e+02   2.9234799e+02   6.4834980e-01             NaN   6.2738131e+01   4.0215221e+01   2.8124708e+00   1.0642797e+03   7.9959333e-01   3.6263148e-11   2.5215959e+00   1.2481698e-05   1.4460501e-03   6.4578509e-01
   4.1865079e+02   2.2280781e+02   4.1967442e+01   3.4408522e+02   4.2127100e+02   2.9222574e+02   6.5530727e-01             NaN   6.3344917e+01   4.0161820e+01   2.8552760e+00   1.0646753e+03   7.6563304e-01   3.6321043e-11   2.5066956e+00   1.2516531e-05   1.4344518e-03   6.6758454e-01
   4.2283730e+02   2.2287803e+02   4.1927343e+01   3.4388101e+02   4.2152543e+02   2.9227823e+02   6.5292630e-01             NaN   6.3315164e+01   4.0005025e+01   2.8775879e+00   1.0678239e+03   8.1580717e-01   3.7002419e-11   2.5634296e+00   1.2579144e-05   1.4620066e-03   6.9086115e-01
   4.2706567e+02   2.2308331e+02   4.1717177e+01   3.4552032e+02   4.2292702e+02   2.9252239e+02   6.5145033e-01             NaN   6.3633868e+01   3.9975078e+01   2.8303029e+00   1.0614818e+03   7.6665785e-01   3.6176531e-11   2.5416449e+00   1.2689593e-05   1.4222203e-03   6.3257562e-01
   4.3133633e+02   2.2342109e+02   4.1945952e+01   3.4550139e+02   4.2355636e+02   2.9261446e+02   6.4484464e-01             NaN   6.2555666e+01   4.0696239e+01   2.7791774e+00   1.0585514e+03   7.3760096e-01   3.5870416e-11   2.4283847e+00   1.2494763e-05   1.4344966e-03   6.1869546e-01
   4.3564969e+02   2.2171401e+02   4.1682899e+01   3.4458165e+02   4.2147016e+02   2.9229026e+02   6.5584066e-01             NaN   6.3602291e+01   3.9581354e+01   2.9480620e+00   1.0688614e+03   8.2162397e-01   3.6404824e-11   2.4438278e+00   1.2278073e-05   1.4319157e-03   7.5144053e-01
   4.4000619e+02   2.2296019e+02   4.1681685e+01   3.4409556e+02   4.2193431e+02   2.9235195e+02   6.5087365e-01             NaN   6.3162109e+01   4.0291836e+01   2.8145937e+00   1.0652307e+03   7.6680527e-01   3.6006539e-11   2.4886702e+00   1.2459011e-05   1.4261300e-03   6.3319023e-01
   4.4440625e+02   2.2274782e+02   4.1764983e+01   3.4358652e+02   4.2125861e+02   2.9223268e+02   6.5235731e-01             NaN   6.3058773e+01   4.0166143e+01   2.8667567e+00   1.0660983e+03   8.1437381e-01   3.6187534e-11   2.4821920e+00   1.2436207e-05   1.4356392e-03   6.8890938e-01
   4.4885031e+02   2.2302964e+02   4.2010969e+01   3.4451147e+02   4.2216592e+02   2.9238953e+02   6.5144232e-01             NaN   6.3112542e+01   4.0121758e+01   2.8419140e+00   1.0632604e+03   7.8473906e-01   3.6325664e-11   2.4955585e+00   1.2637254e-05   1.4398897e-03   6.6220722e-01
   4.5333882e+02   2.2347070e+02   4.1869971e+01   3.4426291e+02   4.2202042e+02   2.9235476e+02   6.5125936e-01             NaN   6.3285999e+01   4.0387018e+01   2.8251817e+00   1.0609694e+03   7.6450489e-01   3.6409097e-11   2.5268306e+00   1.2609963e-05   1.4392484e-03   6.3949504e-01
   4.5787221e+02   2.2416361e+02   4.2145539e+01   3.4386477e+02   4.2241397e+02   2.9242577e+02   6.4470729e-01             NaN   6.2654473e+01   4.0730843e+01   2.8392985e+00   1.0630589e+03   8.0023779e-01   3.6396837e-11   2.5429012e+00   1.2536014e-05   1.4532660e-03   6.7542295e-01
   4.6245093e+02   2.2467419e+02   4.2230572e+01   3.4487437e+02   4.2356613e+02   2.9258357e+02   6.4156356e-01             NaN   6.2030917e+01   4.1410221e+01   2.7515963e+00   1.0561435e+03   7.4824678e-01   3.5603146e-11   2.4454167e+00   1.2335790e-05   1.4359088e-03   6.0932113e-01
   4.6707544e+02   2.2407860e+02   4.2572517e+01   3.4496669e+02   4.2339664e+02   2.9253217e+02   6.4206006e-01             NaN   6.1743983e+01   4.1214783e+01   2.7710654e+00   1.0564200e+03   7.6545428e-01   3.5762508e-11   2.4059403e+00   1.2253769e-05   1.4490867e-03   6.3877012e-01
   4.7174619e+02   2.2363994e+02   4.2119906e+01   3.4441666e+02   4.2261321e+02   2.9245024e+02   6.4556532e-01             NaN   6.2582885e+01   4.0823834e+01   2.8494336e+00   1.0594179e+03   8.0199716e-01   3.6301377e-11   2.4529423e+00   1.2371319e-05   1.4511164e-03   6.8803647e-01
   4.7646365e+02   2.2302422e+02   4.1920071e+01   3.4571554e+02   4.2295346e+02   2.9252985e+02   6.5210051e-01             NaN   6.3500984e+01   4.0102690e+01   2.8671541e+00   1.0590104e+03   7.8142387e-01   3.6206258e-11   2.4749969e+00   1.2556001e-05   1.4263771e-03   6.7403087e-01
   4.8122829e+02   2.2130824e+02   4.1653038e+01   3.4681873e+02   4.2300865e+02   2.9254354e+02   6.5765168e-01             NaN   6.3863402e+01   3.9471827e+01   2.9421597e+00   1.0647076e+03   8.2797671e-01   3.6436070e-11   2.4654121e+00   1.2577196e-05   1.4272870e-03   7.3652309e-01
   4.8604057e+02   2.2091081e+02   4.1490825e+01   3.4703025e+02   4.2305877e+02   2.9255962e+02   6.5872018e-01             NaN   6.4148748e+01   3.9076499e+01   2.9073299e+00   1.0714135e+03   8.2454075e-01   3.6654243e-11   2.5023437e+00   1.2635999e-05   1.4294149e-03   6.9178948e-01
   4.9090098e+02   2.2205033e+02   4.1757868e+01   3.4585497e+02   4.2250060e+02   2.9243884e+02   6.5481517e-01             NaN   6.3903836e+01   3.9866561e+01   2.9740154e+00   1.0679995e+03   8.3726582e-01   3.6905717e-11   2.5514894e+00   1.2667654e-05   1.4447717e-03   7.6698576e-01
   4.9580999e+02   2.2392970e+02   4.2090483e+01   3.4542426e+02   4.2347544e+02   2.9260472e+02   6.4454829e-01             NaN   6.3007708e+01   4.0694379e+01   2.7732265e+00   1.0633969e+03   7.6164902e-01   3.6394792e-11   2.5173327e+00   1.2736135e-05   1.4450267e-03   5.9713522e-01
   5.0076809e+02   2.2142653e+02   4.1620840e+01   3.4792151e+02   4.2416643e+02   2.9272242e+02   6.5503646e-01             NaN   6.3771000e+01   3.9684074e+01   2.9799021e+00   1.0668879e+03   8.4493360e-01   3.6621957e-11   2.4841540e+00   1.2544218e-05   1.4366665e-03   7.7748622e-01
   5.0577577e+02   2.2306620e+02   4.1804629e+01   3.4582790e+02   4.2321547e+02   2.9257508e+02   6.4996339e-01             NaN   6.3860976e+01   4.0101561e+01   2.8617196e+00   1.0662728e+03   8.1046500e-01   3.6570986e-11   2.5045095e+00   1.2635370e-05   1.4325984e-03   6.5612371e-01
   5.1083353e+02   2.2329826e+02   4.1866569e+01   3.4742331e+02   4.2459533e+02   2.9280854e+02   6.4934723e-01             NaN   6.3542554e+01   4.0292206e+01   2.7587857e+00   1.0599420e+03   7.2515642e-01   3.6276003e-11   2.5174470e+00   1.2789457e-05   1.4281440e-03   5.6415653e-01
   5.1594186e+02   2.2501760e+02   4.2351441e+01   3.4622369e+02   4.2523416e+02   2.9289257e+02   6.3650769e-01             NaN   6.2093804e+01   4.1422096e+01   2.7790898e+00   1.0563321e+03   7.6413534e-01   3.6017985e-11   2.4575249e+00   1.2355649e-05   1.4511091e-03   6.3455498e-01
   5.2110128e+02   2.2363603e+02   4.2279116e+01   3.4651117e+02   4.2434908e+02   2.9273279e+02   6.4369518e-01             NaN   6.2564583e+01   4.0818179e+01   2.8361008e+00   1.0591880e+03   7.8365161e-01   3.6499024e-11   2.4564636e+00   1.2430874e-05   1.4594514e-03   6.7534668e-01
   5.2631229e+02   2.2353069e+02   4.2026829e+01   3.4630026e+02   4.2398259e+02   2.9270652e+02   6.4606573e-01             NaN   6.3539392e+01   4.0287776e+01   2.8896933e+00   1.0622936e+03   8.0641079e-01   3.6811337e-11   2.5053204e+00   1.2605182e-05   1.4493397e-03   6.9524609e-01
   5.3157542e+02   2.2256852e+02   4.1681576e+01   3.4763440e+02   4.2524359e+02   2.9293588e+02   6.4307810e-01             NaN   6.3102769e+01   4.0077738e+01   2.8650643e+00   1.0618783e+03   8.1877787e-01   3.6686687e-11   2.5304640e+00   1.2636355e-05   1.4543869e-03   6.8563748e-01
   5.3689117e+02   2.2278315e+02   4.1661114e+01   3.4952539e+02   4.2627194e+02   2.9307156e+02   6.4732158e-01             NaN   6.3827749e+01   4.0295050e+01   2.7955892e+00   1.0563898e+03   7.4054588e-01   3.6229257e-11   2.4643398e+00   1.2638056e-05   1.4199672e-03   5.9116657e-01
   5.4226008e+02   2.2318774e+02   4.1908162e+01   3.4877415e+02   4.2593744e+02   2.9300298e+02   6.4560961e-01             NaN   6.3637777e+01   4.0582391e+01   2.9213158e+00   1.0583280e+03   7.9470746e-01   3.6092632e-11   2.4106009e+00   1.2345196e-05   1.4188270e-03   7.2344145e-01
   5.4768268e+02   2.2319467e+02   4.1893766e+01   3.4672490e+02   4.2391409e+02   2.9271184e+02   6.5084761e-01             NaN   6.4324404e+01   3.9868546e+01   2.9597048e+00   1.0669396e+03   8.4325144e-01   3.6775588e-11   2.4583048e+00   1.2592442e-05   1.4302635e-03   7.3814863e-01
   5.5315951e+02   2.2299899e+02   4.1843156e+01   3.4822948e+02   4.2545151e+02   2.9296986e+02   6.4629013e-01             NaN   6.3963218e+01   3.9826441e+01   2.8753822e+00   1.0606378e+03   8.0908828e-01   3.6662941e-11   2.5159862e+00   1.2787494e-05   1.4339152e-03   6.6627110e-01
   5.5869111e+02   2.2293001e+02   4.1710816e+01   3.4923471e+02   4.2592429e+02   2.9302335e+02   6.4935131e-01             NaN   6.4179473e+01   4.0215967e+01   2.8593683e+00   1.0587672e+03   7.8709192e-01   3.6668242e-11   2.5093195e+00   1.2746959e-05   1.4292837e-03   6.4277825e-01
   5.6427802e+02   2.2310862e+02   4.1668284e+01   3.4889254e+02   4.2580404e+02   2.9301952e+02   6.4775530e-01             NaN   6.4071526e+01   4.0426275e+01   2.8598296e+00   1.0567454e+03   7.6407892e-01   3.6394143e-11   2.4858242e+00   1.2635854e-05   1.4209805e-03   6.4695333e-01
   5.6992080e+02   2.2293685e+02   4.1884154e+01   3.4908121e+02   4.2625573e+02   2.9308895e+02   6.4538451e-01             NaN   6.3516115e+01   4.0351982e+01   2.9551401e+00   1.0573632e+03   8.5486897e-01   3.6604699e-11   2.4860797e+00   1.2512086e-05   1.4416983e-03   7.6144521e-01
   5.7562000e+02   2.2134465e+02   4.1518753e+01   3.4961067e+02   4.2505932e+02   2.9292085e+02   6.5879123e-01             NaN   6.4978849e+01   3.9354626e+01   2.9833295e+00   1.0659234e+03   8.4652719e-01   3.7162042e-11   2.5195892e+00   1.2727680e-05   1.4306748e-03   7.3907350e-01
   5.8137620e+02   2.2330559e+02   4.1983362e+01   3.4896634e+02   4.2616606e+02   2.9308236e+02   6.4553732e-01             NaN   6.3987909e+01   3.9926038e+01   2.8922049e+00   1.0617757e+03   8.2487834e-01   3.7130237e-11   2.5804896e+00   1.2783467e-05   1.4516178e-03   6.8222070e-01
   5.8718997e+02   2.2364782e+02   4.1679026e+01   3.5001182e+02   4.2688354e+02   2.9319170e+02   6.4771045e-01             NaN   6.3984143e+01   4.0857247e+01   2.8252326e+00   1.0557108e+03   7.4886446e-01   3.6584674e-11   2.5297003e+00   1.2717558e-05   1.4303430e-03   6.1533199e-01
   5.9306187e+02   2.2282804e+02   4.1636647e+01   3.5069096e+02   4.2713147e+02   2.9324313e+02   6.5085270e-01             NaN   6.4402711e+01   4.0339824e+01   2.9213181e+00   1.0583502e+03   8.0307980e-01   3.6839802e-11   2.4944432e+00   1.2610386e-05   1.4309538e-03   6.9695622e-01
   5.9899249e+02   2.2248492e+02   4.1889574e+01   3.4928874e+02   4.2598219e+02   2.9303352e+02   6.4922406e-01             NaN   6.4110794e+01   3.9902812e+01   2.9468293e+00   1.0605134e+03   8.5783841e-01   3.7211743e-11   2.5062954e+00   1.2574726e-05   1.4520248e-03   7.3261466e-01
   6.0498241e+02   2.2285943e+02   4.1595088e+01   3.5092930e+02   4.2734079e+02   2.9328643e+02   6.4827881e-01             NaN   6.4524488e+01   4.0040799e+01   2.8639226e+00   1.0585045e+03   7.6360417e-01   3.6714182e-11   2.5174607e+00   1.2851607e-05   1.4234232e-03   6.3541787e-01
   6.1103223e+02   2.2358604e+02   4.1782750e+01   3.5002064e+02   4.2734027e+02   2.9325302e+02   6.4200243e-01             NaN   6.3963856e+01   4.0635952e+01   2.8219722e+00   1.0560624e+03   7.4118712e-01   3.6686216e-11   2.4554477e+00   1.2804211e-05   1.4347888e-03   6.1280453e-01
   6.1714256e+02   2.2359163e+02   4.1728438e+01   3.5214391e+02   4.2896618e+02   2.9352672e+02   6.4375988e-01             NaN   6.3843076e+01   4.0857477e+01   2.8371124e+00   1.0511960e+03   7.5641185e-01   3.6376660e-11   2.4342337e+00   1.2681009e-05   1.4253349e-03   6.3205640e-01
   6.2331398e+02   2.2274625e+02   4.1631319e+01   3.5300435e+02   4.2928563e+02   2.9356726e+02   6.4546870e-01             NaN   6.4103371e+01   4.0649869e+01   2.8504670e+00   1.0538114e+03   7.8818233e-01   3.6472841e-11   2.3913975e+00   1.2543263e-05   1.4233390e-03   6.3648049e-01
   6.2954712e+02   2.2285515e+02   4.1611084e+01   3.5203859e+02   4.2847652e+02   2.9344394e+02   6.4715793e-01             NaN   6.4139769e+01   4.0603546e+01   2.8769761e+00   1.0544180e+03   7.2870146e-01   3.6309298e-11   2.3898810e+00   1.2475538e-05   1.4161680e-03   6.6175631e-01
   6.3584259e+02   2.2406920e+02   4.1823435e+01   3.5093570e+02   4.2814281e+02   2.9339735e+02   6.4427566e-01             NaN   6.3849292e+01   4.1087196e+01   2.7993884e+00   1.0568878e+03   7.4397536e-01   3.6615442e-11   2.4283366e+00   1.2705160e-05   1.4345715e-03   5.9414856e-01
   6.4220102e+02   2.2324856e+02   4.1797453e+01   3.5224023e+02   4.2880557e+02   2.9348991e+02   6.4585827e-01             NaN   6.3362583e+01   4.1218083e+01   2.8601835e+00   1.0572786e+03   7.7141112e-01   3.6432160e-11   2.4347077e+00   1.2480303e-05   1.4383904e-03   6.7180775e-01
   6.4862303e+02   2.2368083e+02   4.2091913e+01   3.5072300e+02   4.2798542e+02   2.9335676e+02   6.4199720e-01             NaN   6.3453879e+01   4.0997847e+01   2.8393271e+00   1.0592627e+03   7.7657389e-01   3.7018696e-11   2.4869592e+00   1.2615809e-05   1.4594439e-03   6.4779694e-01
   6.5510926e+02   2.2286360e+02   4.1634622e+01   3.5243296e+02   4.2911509e+02   2.9354794e+02   6.4340150e-01             NaN   6.3831359e+01   4.0499526e+01   2.8576079e+00   1.0559150e+03   8.0172353e-01   3.7182408e-11   2.5255819e+00   1.2744768e-05   1.4572074e-03   6.5300749e-01
   6.6166035e+02   2.2375403e+02   4.1793917e+01   3.5332795e+02   4.3033605e+02   2.9373275e+02   6.3976694e-01             NaN   6.3194874e+01   4.1492649e+01   2.7913484e+00   1.0490539e+03   7.2603592e-01   3.6023666e-11   2.4391316e+00   1.2564748e-05   1.4260206e-03   6.0873988e-01
   6.6827696e+02   2.2291854e+02   4.1561887e+01   3.5315858e+02   4.2923463e+02   2.9356708e+02   6.5066737e-01             NaN   6.4715117e+01   4.0657211e+01   2.8616016e+00   1.0561443e+03   7.6782084e-01   3.6896964e-11   2.4120115e+00   1.2794745e-05   1.4262684e-03   6.2646988e-01
   6.7495972e+02   2.2282249e+02   4.1575637e+01   3.5324153e+02   4.2931328e+02   2.9357771e+02   6.4876186e-01             NaN   6.4606971e+01   4.0343718e+01   2.8846161e+00   1.0546404e+03   7.6450997e-01   3.6975029e-11   2.4707394e+00   1.2768390e-05   1.4316847e-03   6.5322915e-01
   6.8170932e+02   2.2305629e+02   4.1799179e+01   3.5333419e+02   4.2969995e+02   2.9366602e+02   6.4659786e-01             NaN   6.4523794e+01   4.0275555e+01   2.9074219e+00   1.0594631e+03   7.8175409e-01   3.6903468e-11   2.4982789e+00   1.2783483e-05   1.4307669e-03   6.7892502e-01
   6.8852642e+02   2.2287326e+02   4.1437480e+01   3.5388199e+02   4.2985546e+02   2.9369831e+02   6.4808441e-01             NaN   6.5034233e+01   4.0312489e+01   2.8648203e+00   1.0584017e+03   7.4869017e-01   3.6588514e-11   2.4717726e+00   1.2831792e-05   1.4074074e-03   6.1867056e-01
   6.9541168e+02   2.2102359e+02   4.1130044e+01   3.5447730e+02   4.2928213e+02   2.9357538e+02   6.5441610e-01             NaN   6.5320413e+01   3.9930049e+01   2.9532935e+00   1.0627229e+03   8.0969880e-01   3.7052025e-11   2.4464389e+00   1.2784399e-05   1.4190201e-03   6.9730369e-01
   7.0236580e+02   2.2357250e+02   4.1704549e+01   3.5297916e+02   4.2920175e+02   2.9356049e+02   6.4650308e-01             NaN   6.4608789e+01   4.0819012e+01   2.7986906e+00   1.0566056e+03   7.2471124e-01   3.6444256e-11   2.4292701e+00   1.2891746e-05   1.4111104e-03   5.6726799e-01
   7.0938945e+02   2.2406219e+02   4.1811697e+01   3.5353111e+02   4.3031646e+02   2.9376807e+02   6.4149780e-01             NaN   6.3999055e+01   4.1290669e+01   2.8518774e+00   1.0553314e+03   7.5675034e-01   3.6610519e-11   2.4290654e+00   1.2771602e-05   1.4309892e-03   6.4141426e-01
   7.1648335e+02   2.2364451e+02   4.1648317e+01   3.5442824e+02   4.3122154e+02   2.9389166e+02   6.4117094e-01             NaN   6.3273826e+01   4.1553858e+01   2.8182155e+00   1.0553341e+03   7.5822901e-01   3.6241077e-11   2.3639835e+00   1.2571791e-05   1.4328183e-03   6.3285176e-01
   7.2364818e+02   2.2349450e+02   4.1788051e+01   3.5416650e+02   4.3102572e+02   2.9387968e+02   6.3859971e-01             NaN   6.3665549e+01   4.1151897e+01   2.8925524e+00   1.0574083e+03   8.0326519e-01   3.6714447e-11   2.3931802e+00   1.2448646e-05   1.4425807e-03   6.9362637e-01
   7.3088466e+02   2.2435602e+02   4.1868622e+01   3.5354609e+02   4.3076449e+02   2.9382691e+02   6.3851122e-01             NaN   6.3444623e+01   4.1518613e+01   2.7966529e+00   1.0544515e+03   7.4627209e-01   3.6085420e-11   2.4047346e+00   1.2608731e-05   1.4228342e-03   6.0540661e-01
   7.3819351e+02   2.2289043e+02   4.1651690e+01   3.5599618e+02   4.3166425e+02   2.9398941e+02   6.4793344e-01             NaN   6.4840596e+01   4.0438650e+01   2.9220645e+00   1.0587160e+03   7.6475628e-01   3.6792621e-11   2.3973908e+00   1.2667822e-05   1.4194747e-03   6.8258645e-01
   7.4557545e+02   2.2285953e+02   4.1631872e+01   3.5506288e+02   4.3076068e+02   2.9383231e+02   6.4909870e-01             NaN   6.5385798e+01   4.0032888e+01   2.8825637e+00   1.0628876e+03   8.0427851e-01   3.7384283e-11   2.5135016e+00   1.2919979e-05   1.4303212e-03   6.2432829e-01
   7.5303120e+02   2.2331046e+02   4.1617924e+01   3.5500000e+02   4.3111972e+02   2.9387979e+02   6.4253918e-01             NaN   6.4481670e+01   4.1153826e+01   2.8957763e+00   1.0529817e+03   7.8890324e-01   3.6837688e-11   2.4938449e+00   1.2639961e-05   1.4291066e-03   6.6866718e-01
   7.6056151e+02   2.2424338e+02   4.1922612e+01   3.5417872e+02   4.3102609e+02   2.9389493e+02   6.4003187e-01             NaN   6.4369872e+01   4.1053582e+01   2.8660510e+00   1.0569311e+03   7.4586316e-01   3.6815878e-11   2.4667346e+00   1.2739980e-05   1.4307890e-03   6.4287777e-01
   7.6816713e+02   2.2403750e+02   4.1764411e+01   3.5443680e+02   4.3157418e+02   2.9394324e+02   6.3391126e-01             NaN   6.3534030e+01   4.1447101e+01   2.7810898e+00   1.0512521e+03   7.4048429e-01   3.6268322e-11   2.4056631e+00   1.2663734e-05   1.4280230e-03   5.8673936e-01
   7.7584880e+02   2.2377343e+02   4.1783940e+01   3.5733065e+02   4.3313510e+02   2.9420902e+02   6.4261468e-01             NaN   6.4615295e+01   4.1121516e+01   2.8214579e+00   1.0515352e+03   7.3186554e-01   3.6626486e-11   2.3678742e+00   1.2740680e-05   1.4179843e-03   5.8974880e-01
   7.8360729e+02   2.2303767e+02   4.1615732e+01   3.5751521e+02   4.3322494e+02   2.9422401e+02   6.4240482e-01             NaN   6.4738297e+01   4.0924336e+01   2.9161291e+00   1.0499875e+03   7.7403200e-01   3.7543649e-11   2.4400742e+00   1.2771888e-05   1.4507243e-03   6.8016240e-01
   7.9144336e+02   2.2301429e+02   4.1868920e+01   3.5555050e+02   4.3176275e+02   2.9399506e+02   6.4151192e-01             NaN   6.3636415e+01   4.1281511e+01   2.8910362e+00   1.0527581e+03   8.1111505e-01   3.7208736e-11   2.4829688e+00   1.2620312e-05   1.4626806e-03   6.9312994e-01
   7.9935779e+02   2.2297906e+02   4.1773658e+01   3.5477312e+02   4.3087540e+02   2.9384585e+02   6.4294181e-01             NaN   6.4136040e+01   4.0951645e+01   2.8846297e+00   1.0544744e+03   7.7796568e-01   3.6808140e-11   2.4582948e+00   1.2764388e-05   1.4356563e-03   6.6945932e-01
   8.0735137e+02   2.2197687e+02   4.1408680e+01   3.5736929e+02   4.3280006e+02   2.9420640e+02   6.4454450e-01             NaN   6.4915380e+01   3.9870001e+01   2.8949271e+00   1.0555671e+03   7.7481946e-01   3.7177003e-11   2.4468107e+00   1.2886304e-05   1.4326221e-03   6.5281945e-01
   8.1542488e+02   2.2258314e+02   4.1653493e+01   3.5697627e+02   4.3259035e+02   2.9412192e+02   6.4312947e-01             NaN   6.4893718e+01   4.0499820e+01   2.9160487e+00   1.0539768e+03   7.8063966e-01   3.7483029e-11   2.4613981e+00   1.2790605e-05   1.4449617e-03   6.7478954e-01
   8.2357913e+02   2.2405718e+02   4.1881281e+01   3.5483327e+02   4.3189387e+02   2.9402278e+02   6.3421386e-01             NaN   6.4118538e+01   4.1119871e+01   2.8470593e+00   1.0561680e+03   8.1206471e-01   3.6983936e-11   2.4700358e+00   1.2664493e-05   1.4429377e-03   6.3254092e-01
   8.3181493e+02   2.2243581e+02   4.1361028e+01   3.5749920e+02   4.3290704e+02   2.9418582e+02   6.4462605e-01             NaN   6.4612711e+01   4.0913739e+01   2.9028724e+00   1.0508605e+03   7.7554399e-01   3.6845154e-11   2.4355350e+00   1.2663944e-05   1.4265047e-03   6.7124908e-01
   8.4013307e+02   2.2370252e+02   4.1648297e+01   3.5676990e+02   4.3309029e+02   2.9422305e+02   6.4136561e-01             NaN   6.4468870e+01   4.1013812e+01   2.8378866e+00   1.0516832e+03   7.4321507e-01   3.6974255e-11   2.4167347e+00   1.2867546e-05   1.4346875e-03   6.1121660e-01
   8.4853441e+02   2.2406791e+02   4.1900162e+01   3.5693814e+02   4.3300408e+02   2.9418791e+02   6.3989014e-01             NaN   6.4606984e+01   4.1347145e+01   2.8308168e+00   1.0476731e+03   7.4696043e-01   3.6712937e-11   2.4163280e+00   1.2912535e-05   1.4215209e-03   5.9940558e-01
   8.5701975e+02   2.2237459e+02   4.1290446e+01   3.5850048e+02   4.3356526e+02   2.9433195e+02   6.4638627e-01             NaN   6.5701440e+01   4.0162145e+01   3.0077225e+00   1.0533442e+03   8.0778906e-01   3.7134700e-11   2.4369533e+00   1.2810836e-05   1.4138829e-03   7.3848364e-01
   8.6558995e+02   2.2306355e+02   4.1435431e+01   3.5644711e+02   4.3221690e+02   2.9410604e+02   6.4541069e-01             NaN   6.5482423e+01   4.0472545e+01   2.9149233e+00   1.0617063e+03   7.7489229e-01   3.7129178e-11   2.4472064e+00   1.2834468e-05   1.4183890e-03   6.5322992e-01
   8.7424585e+02   2.2293414e+02   4.1408378e+01   3.5820272e+02   4.3377780e+02   2.9436456e+02   6.4380542e-01             NaN   6.5273282e+01   4.0433205e+01   2.8629689e+00   1.0577139e+03   7.5383769e-01   3.7033268e-11   2.4696215e+00   1.3034844e-05   1.4192296e-03   6.0845388e-01
   8.8298830e+02   2.2183292e+02   4.1462462e+01   3.5927673e+02   4.3374219e+02   2.9434775e+02   6.4886964e-01             NaN   6.5700037e+01   4.0234423e+01   3.0202588e+00   1.0585694e+03   8.3494076e-01   3.7250831e-11   2.4623869e+00   1.2862697e-05   1.4183270e-03   7.5105586e-01
   8.9181819e+02   2.2365399e+02   4.1859973e+01   3.5781455e+02   4.3390933e+02   2.9435196e+02   6.3985574e-01             NaN   6.4723577e+01   4.0958426e+01   2.8944583e+00   1.0572411e+03   8.2910179e-01   3.7407020e-11   2.4512976e+00   1.2950209e-05   1.4457480e-03   6.5896042e-01
   9.0073637e+02   2.2397747e+02   4.1816688e+01   3.5781840e+02   4.3406995e+02   2.9439679e+02   6.3644930e-01             NaN   6.4672008e+01   4.0988780e+01   2.8010631e+00   1.0479917e+03   7.3341117e-01   3.6911678e-11   2.4794975e+00   1.3006096e-05   1.4277375e-03   5.6734090e-01
   9.0974373e+02   2.2298446e+02   4.1408391e+01   3.5897474e+02   4.3480898e+02   2.9452998e+02   6.3794698e-01             NaN   6.4338073e+01   4.1256919e+01   2.8812200e+00   1.0461671e+03   7.8161116e-01   3.6741087e-11   2.4106568e+00   1.2719584e-05   1.4284759e-03   6.5897046e-01
   9.1884117e+02   2.2194424e+02   4.1259884e+01   3.6003840e+02   4.3457051e+02   2.9447526e+02   6.4826272e-01             NaN   6.5710728e+01   4.0260900e+01   2.9440573e+00   1.0499632e+03   7.6297859e-01   3.7649038e-11   2.4073477e+00   1.2999060e-05   1.4332329e-03   6.7444927e-01
   9.2802958e+02   2.2110787e+02   4.1086092e+01   3.5938255e+02   4.3384163e+02   2.9440454e+02   6.4916714e-01             NaN   6.5631683e+01   3.9922143e+01   2.9928458e+00   1.0574946e+03   8.4288033e-01   3.8220172e-11   2.5472152e+00   1.2958017e-05   1.4566948e-03   7.2591736e-01
   9.3730988e+02   2.2268221e+02   4.1573741e+01   3.5921362e+02   4.3420764e+02   2.9442468e+02   6.4565573e-01             NaN   6.5584658e+01   4.0486577e+01   2.8394740e+00   1.0505397e+03   7.5472906e-01   3.7809845e-11   2.6261403e+00   1.3257842e-05   1.4421206e-03   5.7421919e-01
   9.4668298e+02   2.2209987e+02   4.1429722e+01   3.6154767e+02   4.3585930e+02   2.9467019e+02   6.4649834e-01             NaN   6.5341496e+01   4.0723492e+01   2.9304946e+00   1.0512553e+03   7.5831243e-01   3.6887210e-11   2.4257358e+00   1.2865647e-05   1.4122267e-03   6.7373587e-01
   9.5614981e+02   2.2252589e+02   4.1360955e+01   3.6193070e+02   4.3686481e+02   2.9481230e+02   6.3945874e-01             NaN   6.4822631e+01   4.1094840e+01   2.8409476e+00   1.0510184e+03   7.6805167e-01   3.7246833e-11   2.3819069e+00   1.2931773e-05   1.4373703e-03   6.0204904e-01
   9.6571130e+02   2.2251245e+02   4.1343762e+01   3.6164642e+02   4.3664927e+02   2.9481194e+02   6.3940787e-01             NaN   6.4968628e+01   4.1121642e+01   2.9536833e+00   1.0517602e+03   7.8352836e-01   3.7298118e-11   2.4034681e+00   1.2674905e-05   1.4360780e-03   7.0968438e-01
   9.7536842e+02   2.2306568e+02   4.1466031e+01   3.6029058e+02   4.3601236e+02   2.9469912e+02   6.3715510e-01             NaN   6.4776737e+01   4.1134653e+01   2.9354637e+00   1.0559355e+03   8.1924816e-01   3.7791791e-11   2.4615573e+00   1.2783308e-05   1.4594237e-03   6.9813493e-01
   9.8512210e+02   2.2137973e+02   4.1045819e+01   3.6045174e+02   4.3472470e+02   2.9453193e+02   6.4857104e-01             NaN   6.6064911e+01   3.9963733e+01   3.0522640e+00   1.0607037e+03   8.5816881e-01   3.7677401e-11   2.5314011e+00   1.2794648e-05   1.4266247e-03   7.7042527e-01
   9.9497332e+02   2.2304972e+02   4.1698945e+01   3.5960299e+02   4.3508120e+02   2.9458125e+02   6.4176550e-01             NaN   6.5557345e+01   4.0222635e+01   2.9616110e+00   1.0640613e+03   8.3479598e-01   3.7695368e-11   2.5358537e+00   1.3051636e-05   1.4383741e-03   6.9733244e-01
   1.0049231e+03   2.2316370e+02   4.1516264e+01   3.5955601e+02   4.3560490e+02   2.9466355e+02   6.3313149e-01             NaN   6.4332380e+01   4.1106603e+01   2.8761604e+00   1.0567191e+03   7.9228307e-01   3.7202496e-11   2.4666456e+00   1.2810081e-05   1.4465800e-03   6.5416383e-01
   1.0149723e+03   2.2325659e+02   4.1367983e+01   3.6302342e+02   4.3836520e+02   2.9508984e+02   6.3519854e-01             NaN   6.4792228e+01   4.1316374e+01   2.8324080e+00   1.0526624e+03   7.5656449e-01   3.7117642e-11   2.3786133e+00   1.2887317e-05   1.4330358e-03   5.9452660e-01
   1.0251220e+03   2.2339194e+02   4.1529021e+01   3.6256352e+02   4.3803274e+02   2.9500958e+02   6.3492240e-01             NaN   6.5014035e+01   4.1321207e+01   2.9010632e+00   1.0517557e+03   7.6982994e-01   3.7158794e-11   2.3828116e+00   1.2684371e-05   1.4297356e-03   6.5552927e-01
   1.0353732e+03   2.2282716e+02   4.1289505e+01   3.6205577e+02   4.3713429e+02   2.9491091e+02   6.3878973e-01             NaN   6.5481756e+01   4.0835844e+01   2.9426827e+00   1.0576588e+03   7.9641973e-01   3.7504972e-11   2.4360233e+00   1.2831513e-05   1.4327425e-03   6.8098565e-01
   1.0457270e+03   2.2307258e+02   4.1503743e+01   3.6321206e+02   4.3820986e+02   2.9506683e+02   6.3812044e-01             NaN   6.5187511e+01   4.1094770e+01   2.9306318e+00   1.0572489e+03   7.8159132e-01   3.7426358e-11   2.4341342e+00   1.2974468e-05   1.4362312e-03   6.7915775e-01
   1.0561842e+03   2.2439890e+02   4.1899568e+01   3.6162084e+02   4.3788268e+02   2.9501500e+02   6.3012069e-01             NaN   6.4559390e+01   4.1631404e+01   2.8343623e+00   1.0542224e+03   7.7984175e-01   3.7207975e-11   2.4343151e+00   1.2951683e-05   1.4417049e-03   6.0452375e-01
   1.0667461e+03   2.2367570e+02   4.1584799e+01   3.6175411e+02   4.3748763e+02   2.9495338e+02   6.3323254e-01             NaN   6.5266387e+01   4.1001008e+01   2.8489365e+00   1.0533646e+03   7.4508550e-01   3.7183485e-11   2.4383798e+00   1.2908541e-05   1.4251569e-03   5.9469124e-01
   1.0774135e+03   2.2316439e+02   4.1539467e+01   3.6345998e+02   4.3862396e+02   2.9511070e+02   6.3591282e-01             NaN   6.4843018e+01   4.1470281e+01   2.8441040e+00   1.0487247e+03   7.6681388e-01   3.6937749e-11   2.4123131e+00   1.2896852e-05   1.4249628e-03   6.0445152e-01
   1.0881877e+03   2.2347806e+02   4.1404370e+01   3.6596872e+02   4.4064165e+02   2.9546278e+02   6.3649502e-01             NaN   6.5603024e+01   4.1391144e+01   2.8989930e+00   1.0452052e+03   7.4214554e-01   3.7512961e-11   2.3972666e+00   1.2958889e-05   1.4303803e-03   6.3307832e-01
   1.0990695e+03   2.2331686e+02   4.1451740e+01   3.6523459e+02   4.4040841e+02   2.9543087e+02   6.3369017e-01             NaN   6.5065685e+01   4.1425167e+01   2.8926003e+00   1.0469470e+03   7.6481032e-01   3.7448526e-11   2.4268542e+00   1.2849878e-05   1.4397037e-03   6.4522637e-01
   1.1100602e+03   2.2311924e+02   4.1340333e+01   3.6374077e+02   4.3877612e+02   2.9515259e+02   6.3803094e-01             NaN   6.5194189e+01   4.1520319e+01   2.9705599e+00   1.0496864e+03   8.1636209e-01   3.7111214e-11   2.3965186e+00   1.2699332e-05   1.4239524e-03   7.1879301e-01
   1.1211608e+03   2.2272161e+02   4.1373398e+01   3.6436519e+02   4.3878681e+02   2.9518378e+02   6.4137918e-01             NaN   6.6448406e+01   4.0457049e+01   2.9597545e+00   1.0540632e+03   7.7648738e-01   3.7638498e-11   2.4105299e+00   1.3089011e-05   1.4168798e-03   6.6459416e-01
   1.1323725e+03   2.2358989e+02   4.1509547e+01   3.6401738e+02   4.3901080e+02   2.9521111e+02   6.3727374e-01             NaN   6.5905433e+01   4.1162058e+01   2.8726325e+00   1.0541746e+03   7.8238383e-01   3.7588904e-11   2.4677404e+00   1.3115463e-05   1.4267255e-03   5.9631415e-01
