   2.8400000e+02   2.2321745e+02   4.1970079e+01   3.3923319e+02   4.1750467e+02   2.9158159e+02   6.5665817e-01             NaN   6.3084835e+01   3.9660167e+01   2.8134510e+00   1.0985559e+03   7.7896061e-01   3.5721029e-11   2.4644588e+00   1.2502786e-05   1.4165799e-03   6.3475513e-01
   2.8684000e+02   2.2225323e+02   4.1884939e+01   3.3898001e+02   4.1678203e+02   2.9149005e+02   6.6038450e-01             NaN   6.3315250e+01   3.9196778e+01   2.9257075e+00   1.0991528e+03   8.4207197e-01   3.5910043e-11   2.4935182e+00   1.2328440e-05   1.4189194e-03   7.3909455e-01
   2.8970840e+02   2.2350408e+02   4.2233346e+01   3.3795182e+02   4.1702734e+02   2.9151711e+02   6.5123764e-01             NaN   6.2501900e+01   3.9909211e+01   2.8643380e+00   1.0974666e+03   8.2412443e-01   3.5835911e-11   2.5326386e+00   1.2390792e-05   1.4344179e-03   7.0581589e-01
   2.9260548e+02   2.2435319e+02   4.2367271e+01   3.3821139e+02   4.1733260e+02   2.9158727e+02   6.5073365e-01             NaN   6.2612396e+01   4.0116038e+01   2.8431856e+00   1.0957751e+03   8.2354334e-01   3.5973629e-11   2.5525958e+00   1.2398485e-05   1.4373847e-03   6.8084074e-01
   2.9553154e+02   2.2247949e+02   4.2165810e+01   3.3912151e+02   4.1722380e+02   2.9154857e+02   6.5666699e-01             NaN   6.2492927e+01   3.9713349e+01   2.9269867e+00   1.0991282e+03   8.4160813e-01   3.5953914e-11   2.5246851e+00   1.2199945e-05   1.4393515e-03   7.6878001e-01
   2.9848685e+02   2.2393997e+02   4.2091868e+01   3.3775356e+02   4.1673074e+02   2.9147746e+02   6.5330004e-01             NaN   6.2937265e+01   4.0114513e+01   2.8983115e+00   1.1006254e+03   8.4598255e-01   3.5873860e-11   2.5015993e+00   1.2196729e-05   1.4260014e-03   7.2475016e-01
   3.0147172e+02   2.2420765e+02   4.2298030e+01   3.3799524e+02   4.1743707e+02   2.9157823e+02   6.4809747e-01             NaN   6.2160137e+01   4.0399984e+01   2.7731717e+00   1.0948705e+03   7.6395690e-01   3.5770981e-11   2.5008653e+00   1.2349156e-05   1.4396570e-03   6.2640154e-01
   3.0448644e+02   2.2266320e+02   4.2013524e+01   3.4017982e+02   4.1797511e+02   2.9168385e+02   6.5564055e-01             NaN   6.3120605e+01   3.9330308e+01   2.8030373e+00   1.0972325e+03   7.2941971e-01   3.6020516e-11   2.5084221e+00   1.2497518e-05   1.4276763e-03   6.2315064e-01
   3.0753130e+02   2.2353959e+02   4.2172710e+01   3.4101220e+02   4.1959783e+02   2.9193985e+02   6.5015198e-01             NaN   6.2410759e+01   4.0425655e+01   2.8946279e+00   1.0983643e+03   8.1957405e-01   3.6295351e-11   2.5079232e+00   1.2172193e-05   1.4548720e-03   7.3916797e-01
   3.1060662e+02   2.2202733e+02   4.1580016e+01   3.4069046e+02   4.1792524e+02   2.9170030e+02   6.6088527e-01             NaN   6.3942222e+01   3.9167156e+01   2.9863255e+00   1.1040389e+03   8.6677724e-01   3.6817452e-11   2.5285101e+00   1.2348689e-05   1.4404391e-03   7.7795170e-01
   3.1371268e+02   2.2264981e+02   4.1901931e+01   3.3913327e+02   4.1724594e+02   2.9158009e+02   6.5711343e-01             NaN   6.3179510e+01   3.9766492e+01   2.9683754e+00   1.1062318e+03   8.9077113e-01   3.6548101e-11   2.5843149e+00   1.2236398e-05   1.4471930e-03   7.8638875e-01
   3.1684981e+02   2.2343062e+02   4.2168868e+01   3.3880405e+02   4.1757694e+02   2.9161744e+02   6.5303190e-01             NaN   6.2469940e+01   3.9746564e+01   2.8518688e+00   1.1048987e+03   8.1758088e-01   3.6191060e-11   2.5714621e+00   1.2259225e-05   1.4493494e-03   6.9441270e-01
   3.2001831e+02   2.2329201e+02   4.2079700e+01   3.3955601e+02   4.1790352e+02   2.9166392e+02   6.5314124e-01             NaN   6.2928174e+01   4.0141048e+01   2.8928362e+00   1.1040272e+03   8.5300329e-01   3.6379093e-11   2.5194296e+00   1.2142777e-05   1.4462803e-03   7.1956901e-01
   3.2321849e+02   2.2391799e+02   4.2415108e+01   3.3877480e+02   4.1786716e+02   2.9162843e+02   6.4697065e-01             NaN   6.1535593e+01   4.0620824e+01   2.8167917e+00   1.0974307e+03   8.2627198e-01   3.6170112e-11   2.5456500e+00   1.2097551e-05   1.4705540e-03   6.9167588e-01
   3.2645068e+02   2.2372442e+02   4.2339252e+01   3.4141224e+02   4.1969092e+02   2.9193176e+02   6.5323948e-01             NaN   6.2211682e+01   4.0536487e+01   2.8429524e+00   1.0958021e+03   8.0091984e-01   3.6933509e-11   2.5776005e+00   1.2241102e-05   1.4852020e-03   6.9438592e-01
   3.2971518e+02   2.2400929e+02   4.2235598e+01   3.3942685e+02   4.1865957e+02   2.9176253e+02   6.4718651e-01             NaN   6.1780246e+01   4.0763965e+01   2.8478264e+00   1.0989009e+03   8.2453598e-01   3.6492677e-11   2.5569744e+00   1.2056494e-05   1.4777747e-03   7.1423506e-01
   3.3301234e+02   2.2339708e+02   4.2074008e+01   3.3962798e+02   4.1825807e+02   2.9170715e+02   6.5118958e-01             NaN   6.2248310e+01   4.0748536e+01   2.8644088e+00   1.1012488e+03   8.4577729e-01   3.6932739e-11   2.5624276e+00   1.2081993e-05   1.4843285e-03   7.1462271e-01
   3.3634246e+02   2.2404184e+02   4.2019420e+01   3.4059905e+02   4.1966404e+02   2.9199057e+02   6.4655155e-01             NaN   6.2271062e+01   4.0280502e+01   2.7806979e+00   1.0988543e+03   7.6232306e-01   3.6576048e-11   2.5515566e+00   1.2269948e-05   1.4694289e-03   6.3008644e-01
   3.3970588e+02   2.2509509e+02   4.2595843e+01   3.4094005e+02   4.2056132e+02   2.9208651e+02   6.4073662e-01             NaN   6.1261110e+01   4.1533819e+01   2.7747512e+00   1.0939448e+03   7.6757330e-01   3.6548529e-11   2.5128044e+00   1.2044061e-05   1.4925642e-03   6.5906800e-01
   3.4310294e+02   2.2333218e+02   4.2164329e+01   3.3902258e+02   4.1801237e+02   2.9167313e+02   6.4545436e-01             NaN   6.1430879e+01   4.0969578e+01   2.9034731e+00   1.1000773e+03   8.5126007e-01   3.6792823e-11   2.5048300e+00   1.1752757e-05   1.4983993e-03   7.8194254e-01
   3.4653397e+02   2.2343153e+02   4.1859235e+01   3.4001684e+02   4.1858006e+02   2.9177652e+02   6.4943331e-01             NaN   6.2343858e+01   4.0660671e+01   2.8302933e+00   1.0981056e+03   8.3352818e-01   3.6988614e-11   2.5838933e+00   1.2219902e-05   1.4843069e-03   6.7722351e-01
   3.4999931e+02   2.2481034e+02   4.2506191e+01   3.4088740e+02   4.1999534e+02   2.9198340e+02   6.4489852e-01             NaN   6.1549140e+01   4.1286555e+01   2.7899304e+00   1.0958770e+03   7.9656237e-01   3.6761152e-11   2.5553252e+00   1.2151050e-05   1.4942440e-03   6.6433141e-01
   3.5349930e+02   2.2392900e+02   4.2327486e+01   3.4077976e+02   4.1954569e+02   2.9192062e+02   6.4684587e-01             NaN   6.2114426e+01   4.0864239e+01   2.9147344e+00   1.0993930e+03   8.6661987e-01   3.7417854e-11   2.6024427e+00   1.1987711e-05   1.5070816e-03   7.6959337e-01
   3.5703430e+02   2.2249056e+02   4.2116625e+01   3.4003653e+02   4.1808643e+02   2.9171657e+02   6.5099765e-01             NaN   6.2219572e+01   4.0206089e+01   2.9969853e+00   1.1031431e+03   9.1565211e-01   3.7465244e-11   2.6463244e+00   1.1930993e-05   1.5064291e-03   8.4819713e-01
   3.6060464e+02   2.2326805e+02   4.1943261e+01   3.4096792e+02   4.1878160e+02   2.9183261e+02   6.5361113e-01             NaN   6.3378509e+01   4.0002824e+01   2.8655528e+00   1.1033305e+03   8.4213312e-01   3.7429680e-11   2.6683022e+00   1.2270386e-05   1.4774823e-03   6.7674540e-01
   3.6421069e+02   2.2391095e+02   4.2083607e+01   3.4206980e+02   4.2053658e+02   2.9210973e+02   6.4660599e-01             NaN   6.2284525e+01   4.0870252e+01   2.8487949e+00   1.0984425e+03   7.9536947e-01   3.7155907e-11   2.5637346e+00   1.2061342e-05   1.4924072e-03   6.9772615e-01
   3.6785279e+02   2.2368849e+02   4.2132224e+01   3.4234778e+02   4.2076604e+02   2.9215890e+02   6.4724269e-01             NaN   6.1883498e+01   4.1079257e+01   2.8382782e+00   1.0989569e+03   8.2989463e-01   3.7569648e-11   2.6004374e+00   1.2038344e-05   1.5187785e-03   7.0102276e-01
   3.7153132e+02   2.2357967e+02   4.2348475e+01   3.4141433e+02   4.1986356e+02   2.9198359e+02   6.4946988e-01             NaN   6.1847255e+01   4.0968082e+01   2.8471500e+00   1.0966925e+03   8.0858325e-01   3.7880015e-11   2.6927064e+00   1.2122837e-05   1.5322596e-03   7.1119775e-01
   3.7524663e+02   2.2362611e+02   4.2119470e+01   3.4314226e+02   4.2082560e+02   2.9215440e+02   6.5232678e-01             NaN   6.2814229e+01   4.0595095e+01   2.8281518e+00   1.0979153e+03   8.0533933e-01   3.7684588e-11   2.6798987e+00   1.2277686e-05   1.5008556e-03   6.5875695e-01
   3.7899910e+02   2.2384573e+02   4.2087399e+01   3.4229086e+02   4.2064604e+02   2.9213555e+02   6.4780010e-01             NaN   6.2219268e+01   4.1150065e+01   2.8859711e+00   1.1002110e+03   8.3533980e-01   3.7345400e-11   2.5870847e+00   1.1905708e-05   1.5015780e-03   7.3713667e-01
   3.8278909e+02   2.2302056e+02   4.2282674e+01   3.4081354e+02   4.1920644e+02   2.9190232e+02   6.4905735e-01             NaN   6.2057916e+01   4.0350549e+01   2.9611353e+00   1.1091008e+03   8.9270815e-01   3.8158580e-11   2.6190054e+00   1.1904705e-05   1.5382910e-03   8.1791185e-01
   3.8661698e+02   2.2318103e+02   4.1862881e+01   3.4177293e+02   4.1996099e+02   2.9204130e+02   6.5025129e-01             NaN   6.2382123e+01   4.0621766e+01   2.8915763e+00   1.1064499e+03   8.8133655e-01   3.7977884e-11   2.6999144e+00   1.1941496e-05   1.5230079e-03   7.3709691e-01
   3.9048315e+02   2.2274574e+02   4.1838011e+01   3.4334374e+02   4.2093494e+02   2.9218024e+02   6.4832092e-01             NaN   6.2418875e+01   4.0775191e+01   2.8555241e+00   1.1017659e+03   8.4196901e-01   3.8008416e-11   2.7193996e+00   1.2056652e-05   1.5233823e-03   6.9984259e-01
   3.9438798e+02   2.2253748e+02   4.1777224e+01   3.4404637e+02   4.2119296e+02   2.9221065e+02   6.5327272e-01             NaN   6.2695369e+01   4.0776186e+01   2.9213516e+00   1.1018607e+03   8.4871744e-01   3.7803980e-11   2.6416273e+00   1.1846567e-05   1.5084785e-03   7.5608121e-01
   3.9833186e+02   2.2155685e+02   4.1369930e+01   3.4302550e+02   4.1993233e+02   2.9205698e+02   6.5739737e-01             NaN   6.3627006e+01   3.9880180e+01   3.0242616e+00   1.1122676e+03   9.0714926e-01   3.8462890e-11   2.6386500e+00   1.1868600e-05   1.5122724e-03   8.2677811e-01
   4.0231518e+02   2.2302509e+02   4.1826352e+01   3.4231047e+02   4.2043221e+02   2.9212541e+02   6.5075091e-01             NaN   6.2588214e+01   4.0477434e+01   2.9150158e+00   1.1117337e+03   8.8669206e-01   3.8523385e-11   2.6996800e+00   1.2027413e-05   1.5398016e-03   7.5342533e-01
   4.0633833e+02   2.2246546e+02   4.1705333e+01   3.4450082e+02   4.2155404e+02   2.9230658e+02   6.5338137e-01             NaN   6.3107401e+01   4.0338114e+01   2.9235153e+00   1.1085648e+03   8.6623082e-01   3.9005070e-11   2.7538868e+00   1.2189792e-05   1.5462190e-03   7.4398051e-01
   4.1040172e+02   2.2365466e+02   4.1935838e+01   3.4535477e+02   4.2287474e+02   2.9250744e+02   6.4810608e-01             NaN   6.2943977e+01   4.0906409e+01   2.8725635e+00   1.1047324e+03   8.3527340e-01   3.8780861e-11   2.7403032e+00   1.2127529e-05   1.5413504e-03   6.9871228e-01
   4.1450574e+02   2.2484000e+02   4.2320294e+01   3.4397221e+02   4.2282223e+02   2.9248200e+02   6.3984968e-01             NaN   6.2009113e+01   4.1618908e+01   2.7918499e+00   1.1028338e+03   8.1971776e-01   3.8771743e-11   2.6819611e+00   1.2098371e-05   1.5642372e-03   6.5030858e-01
   4.1865079e+02   2.2172154e+02   4.1689367e+01   3.4615163e+02   4.2286362e+02   2.9250604e+02   6.5249900e-01             NaN   6.2635947e+01   4.0564504e+01   2.9493049e+00   1.1064070e+03   8.4692789e-01   3.9204621e-11   2.6977468e+00   1.1917045e-05   1.5658637e-03   7.8610297e-01
   4.2283730e+02   2.2444216e+02   4.2029541e+01   3.4454699e+02   4.2317395e+02   2.9255773e+02   6.4240615e-01             NaN   6.1729059e+01   4.1777433e+01   2.7987369e+00   1.1027980e+03   8.2967939e-01   3.8953672e-11   2.7471539e+00   1.1804073e-05   1.5786725e-03   6.6682076e-01
   4.2706567e+02   2.2387330e+02   4.2206051e+01   3.4375538e+02   4.2232532e+02   2.9241258e+02   6.4003883e-01             NaN   6.1802722e+01   4.1439608e+01   2.9193354e+00   1.1039218e+03   8.7210237e-01   3.9109884e-11   2.7283288e+00   1.1755085e-05   1.5831334e-03   7.8490118e-01
   4.3133633e+02   2.2442864e+02   4.2066456e+01   3.4453145e+02   4.2305946e+02   2.9255283e+02   6.4128722e-01             NaN   6.2045073e+01   4.1600037e+01   2.8905915e+00   1.1013878e+03   8.8853353e-01   3.9095759e-11   2.7228417e+00   1.1793156e-05   1.5763651e-03   7.4776706e-01
   4.3564969e+02   2.2421340e+02   4.2267344e+01   3.4369394e+02   4.2218051e+02   2.9239659e+02   6.4170968e-01             NaN   6.2173838e+01   4.1455947e+01   2.8769568e+00   1.1000209e+03   8.5596857e-01   3.9277675e-11   2.7655777e+00   1.1872735e-05   1.5804885e-03   7.2977817e-01
   4.4000619e+02   2.2359938e+02   4.2049896e+01   3.4480858e+02   4.2279938e+02   2.9249218e+02   6.4453331e-01             NaN   6.2133910e+01   4.1421250e+01   2.8757508e+00   1.1018710e+03   8.7253890e-01   3.9105505e-11   2.7494223e+00   1.1772267e-05   1.5745058e-03   7.2986122e-01
   4.4440625e+02   2.2454234e+02   4.2341517e+01   3.4504356e+02   4.2357333e+02   2.9263596e+02   6.4096253e-01             NaN   6.1846869e+01   4.1498293e+01   2.7940982e+00   1.1007644e+03   7.8709254e-01   3.9283526e-11   2.7361735e+00   1.2012677e-05   1.5890225e-03   6.5813299e-01
   4.4885031e+02   2.2288505e+02   4.1967946e+01   3.4585795e+02   4.2322459e+02   2.9258807e+02   6.4795818e-01             NaN   6.2716031e+01   4.0863385e+01   2.9437304e+00   1.1046739e+03   8.5857508e-01   3.9942580e-11   2.7622815e+00   1.1961381e-05   1.5932671e-03   7.7771644e-01
   4.5333882e+02   2.2433912e+02   4.2152166e+01   3.4525293e+02   4.2383191e+02   2.9268780e+02   6.3811081e-01             NaN   6.2045473e+01   4.1506331e+01   2.8925868e+00   1.1035966e+03   8.6284664e-01   3.9633977e-11   2.7743878e+00   1.1965556e-05   1.5980439e-03   7.4973220e-01
   4.5787221e+02   2.2342937e+02   4.1972030e+01   3.4553553e+02   4.2337315e+02   2.9260091e+02   6.4345524e-01             NaN   6.2223504e+01   4.1557222e+01   2.9280804e+00   1.1037798e+03   9.0923075e-01   3.9777959e-11   2.7773241e+00   1.1778015e-05   1.5992765e-03   7.7909882e-01
   4.6245093e+02   2.2345858e+02   4.2017011e+01   3.4445711e+02   4.2245867e+02   2.9245749e+02   6.4427480e-01             NaN   6.2313873e+01   4.1102093e+01   2.9723620e+00   1.1083299e+03   9.3331211e-01   4.0241048e-11   2.8443693e+00   1.1724899e-05   1.6155399e-03   8.2024765e-01
   4.6707544e+02   2.2459952e+02   4.2324795e+01   3.4398995e+02   4.2267940e+02   2.9248603e+02   6.4028592e-01             NaN   6.1738568e+01   4.1856876e+01   2.8770746e+00   1.1056609e+03   8.9743010e-01   4.0505363e-11   2.9070659e+00   1.1950557e-05   1.6413128e-03   7.4484039e-01
   4.7174619e+02   2.2313165e+02   4.1884258e+01   3.4559910e+02   4.2274914e+02   2.9248135e+02   6.4986753e-01             NaN   6.2884176e+01   4.1186866e+01   2.9174291e+00   1.1039446e+03   8.7147044e-01   4.0328662e-11   2.8892166e+00   1.1960791e-05   1.6044016e-03   7.4565589e-01
   4.7646365e+02   2.2365569e+02   4.1852190e+01   3.4662277e+02   4.2417967e+02   2.9275235e+02   6.4493996e-01             NaN   6.2597240e+01   4.1564619e+01   2.8831645e+00   1.1009023e+03   8.5523679e-01   3.9889879e-11   2.8254865e+00   1.1813688e-05   1.5941689e-03   7.2123207e-01
   4.8122829e+02   2.2345532e+02   4.1908495e+01   3.4574451e+02   4.2333433e+02   2.9260499e+02   6.4581028e-01             NaN   6.2636684e+01   4.1497031e+01   2.9453842e+00   1.1068009e+03   8.9002863e-01   4.0361101e-11   2.8277283e+00   1.1676180e-05   1.6120053e-03   7.8211641e-01
   4.8604057e+02   2.2480441e+02   4.1989411e+01   3.4608270e+02   4.2433205e+02   2.9278339e+02   6.4167059e-01             NaN   6.2952639e+01   4.1493728e+01   2.8511317e+00   1.1038500e+03   8.2303556e-01   4.0328247e-11   2.8417949e+00   1.1998121e-05   1.6026059e-03   6.7694733e-01
   4.9090098e+02   2.2532275e+02   4.1908670e+01   3.4832322e+02   4.2666594e+02   2.9316833e+02   6.3693604e-01             NaN   6.2172792e+01   4.2510885e+01   2.7798153e+00   1.0981144e+03   7.9187560e-01   3.9976478e-11   2.8154070e+00   1.1859656e-05   1.6085354e-03   6.3254046e-01
   4.9580999e+02   2.2353089e+02   4.1718870e+01   3.4884960e+02   4.2639323e+02   2.9309335e+02   6.4117909e-01             NaN   6.2163853e+01   4.2139888e+01   2.9258168e+00   1.0979531e+03   8.7455372e-01   3.9937144e-11   2.7565330e+00   1.1459546e-05   1.6071838e-03   7.7885057e-01
   5.0076809e+02   2.2512512e+02   4.2026524e+01   3.4726032e+02   4.2560958e+02   2.9297678e+02   6.3842471e-01             NaN   6.2199237e+01   4.2464533e+01   2.8201266e+00   1.0988521e+03   8.4417698e-01   4.0033453e-11   2.7665812e+00   1.1674034e-05   1.6101287e-03   6.7191924e-01
   5.0577577e+02   2.2286790e+02   4.1524848e+01   3.4848887e+02   4.2522865e+02   2.9288586e+02   6.4768684e-01             NaN   6.2615479e+01   4.2080312e+01   2.9238982e+00   1.0982049e+03   8.7093042e-01   4.0127547e-11   2.8015728e+00   1.1597976e-05   1.6032108e-03   7.6135041e-01
   5.1083353e+02   2.2410794e+02   4.1793100e+01   3.4730707e+02   4.2530377e+02   2.9293703e+02   6.3774465e-01             NaN   6.2001261e+01   4.2236082e+01   2.8990739e+00   1.0999924e+03   8.8652583e-01   4.0023669e-11   2.8002529e+00   1.1574213e-05   1.6149058e-03   7.5774475e-01
   5.1594186e+02   2.2473048e+02   4.2070084e+01   3.4870380e+02   4.2671340e+02   2.9314802e+02   6.3625599e-01             NaN   6.1585260e+01   4.2804208e+01   2.8366885e+00   1.0965780e+03   8.5942775e-01   4.0141722e-11   2.7819234e+00   1.1570184e-05   1.6305977e-03   7.0971086e-01
   5.2110128e+02   2.2393617e+02   4.1882192e+01   3.4856750e+02   4.2598709e+02   2.9303368e+02   6.4191476e-01             NaN   6.2666578e+01   4.2102796e+01   2.9088681e+00   1.1001536e+03   8.3836171e-01   4.0318168e-11   2.7904649e+00   1.1565580e-05   1.6095296e-03   7.4457762e-01
   5.2631229e+02   2.2389745e+02   4.1666784e+01   3.4844593e+02   4.2604104e+02   2.9306754e+02   6.4133339e-01             NaN   6.2316797e+01   4.2156135e+01   2.8650321e+00   1.1021582e+03   8.3464206e-01   4.0919162e-11   2.8558309e+00   1.1765076e-05   1.6426678e-03   7.1279199e-01
   5.3157542e+02   2.2318663e+02   4.1917346e+01   3.4890844e+02   4.2602033e+02   2.9305059e+02   6.4230120e-01             NaN   6.1965361e+01   4.2068094e+01   2.9572552e+00   1.1088161e+03   9.0629260e-01   4.0744604e-11   2.8466858e+00   1.1540787e-05   1.6449401e-03   8.1715682e-01
   5.3689117e+02   2.2456458e+02   4.1867025e+01   3.4771891e+02   4.2602954e+02   2.9306386e+02   6.3591527e-01             NaN   6.2042733e+01   4.2237967e+01   2.8921432e+00   1.1074882e+03   9.0726293e-01   4.1138025e-11   2.8875089e+00   1.1641906e-05   1.6587273e-03   7.4934053e-01
   5.4226008e+02   2.2396723e+02   4.2225814e+01   3.4728027e+02   4.2493930e+02   2.9286827e+02   6.4026736e-01             NaN   6.2187119e+01   4.2270432e+01   2.9833598e+00   1.1051673e+03   9.1432369e-01   4.1210165e-11   2.9181604e+00   1.1487034e-05   1.6578436e-03   8.3565524e-01
   5.4768268e+02   2.2405433e+02   4.1952964e+01   3.4826260e+02   4.2622417e+02   2.9311101e+02   6.3756150e-01             NaN   6.2041786e+01   4.1914863e+01   2.9387394e+00   1.1103542e+03   9.4208069e-01   4.1320131e-11   2.9359662e+00   1.1575836e-05   1.6661194e-03   7.9600017e-01
   5.5315951e+02   2.2480137e+02   4.1934789e+01   3.4830130e+02   4.2693213e+02   2.9322081e+02   6.3110308e-01             NaN   6.1354854e+01   4.2791295e+01   2.8773303e+00   1.1055658e+03   9.2086652e-01   4.1215816e-11   2.8938988e+00   1.1496427e-05   1.6804511e-03   7.5822877e-01
   5.5869111e+02   2.2496353e+02   4.2193200e+01   3.4974538e+02   4.2791333e+02   2.9335494e+02   6.3244342e-01             NaN   6.1455268e+01   4.2812019e+01   2.8437912e+00   1.1007884e+03   8.5078829e-01   4.1201346e-11   2.8607504e+00   1.1540913e-05   1.6771974e-03   7.2132412e-01
   5.6427802e+02   2.2459236e+02   4.1978127e+01   3.5093931e+02   4.2866606e+02   2.9349411e+02   6.3375640e-01             NaN   6.1592420e+01   4.3156610e+01   2.8687707e+00   1.0997554e+03   8.7099270e-01   4.1435649e-11   2.8993404e+00   1.1491165e-05   1.6829281e-03   7.4150221e-01
   5.6992080e+02   2.2518042e+02   4.2139756e+01   3.5028796e+02   4.2854713e+02   2.9346721e+02   6.3306969e-01             NaN   6.1276393e+01   4.3265092e+01   2.8652252e+00   1.1014161e+03   8.6870823e-01   4.1421991e-11   2.8812614e+00   1.1409782e-05   1.6910958e-03   7.4892876e-01
   5.7562000e+02   2.2350999e+02   4.1868534e+01   3.5027985e+02   4.2741083e+02   2.9328993e+02   6.3906438e-01             NaN   6.2404288e+01   4.2229062e+01   2.9282202e+00   1.1021896e+03   9.0315598e-01   4.2070419e-11   2.9433266e+00   1.1584051e-05   1.6865637e-03   7.7301887e-01
   5.8137620e+02   2.2528221e+02   4.2239985e+01   3.4854939e+02   4.2718520e+02   2.9323963e+02   6.3042135e-01             NaN   6.1203547e+01   4.3089258e+01   2.8453375e+00   1.1026285e+03   8.7378679e-01   4.1170646e-11   2.9359918e+00   1.1419120e-05   1.6828312e-03   7.3155230e-01
   5.8718997e+02   2.2620562e+02   4.2480006e+01   3.4879676e+02   4.2786566e+02   2.9332363e+02   6.2643327e-01             NaN   6.0419040e+01   4.4113572e+01   2.8264992e+00   1.0988587e+03   8.9545095e-01   4.1141628e-11   2.8604549e+00   1.1247021e-05   1.7035383e-03   7.3987946e-01
   5.9306187e+02   2.2468974e+02   4.1833994e+01   3.5070164e+02   4.2868403e+02   2.9350319e+02   6.3289610e-01             NaN   6.1479046e+01   4.3211305e+01   2.8619189e+00   1.0979636e+03   8.5310900e-01   4.1252878e-11   2.8409965e+00   1.1236828e-05   1.6785786e-03   7.3854575e-01
   5.9899249e+02   2.2588732e+02   4.2296289e+01   3.5085141e+02   4.2904668e+02   2.9353150e+02   6.3122873e-01             NaN   6.1471825e+01   4.3721773e+01   2.7963971e+00   1.0985379e+03   8.2239544e-01   4.1389931e-11   2.8377629e+00   1.1369044e-05   1.6844225e-03   6.7336090e-01
   6.0498241e+02   2.2598902e+02   4.2329385e+01   3.5041025e+02   4.2882828e+02   2.9348263e+02   6.2622046e-01             NaN   6.1389560e+01   4.3877231e+01   2.8028253e+00   1.0936507e+03   8.2122814e-01   4.1569048e-11   2.8752604e+00   1.1413368e-05   1.6939643e-03   6.8261195e-01
   6.1103223e+02   2.2396223e+02   4.2026286e+01   3.5124332e+02   4.2846075e+02   2.9347274e+02   6.3836848e-01             NaN   6.1980862e+01   4.2767404e+01   2.9764175e+00   1.1049325e+03   9.1547177e-01   4.2186593e-11   2.9306947e+00   1.1337940e-05   1.7026936e-03   8.3573778e-01
   6.1714256e+02   2.2447463e+02   4.2002669e+01   3.4994435e+02   4.2771524e+02   2.9334172e+02   6.3321511e-01             NaN   6.1991424e+01   4.2682791e+01   2.9004180e+00   1.1052379e+03   9.1597876e-01   4.1964239e-11   2.9726686e+00   1.1382146e-05   1.6934705e-03   7.5942392e-01
   6.2331398e+02   2.2398685e+02   4.1843945e+01   3.5025748e+02   4.2745386e+02   2.9329975e+02   6.3909339e-01             NaN   6.2121173e+01   4.2873419e+01   2.9671449e+00   1.1068641e+03   9.3039330e-01   4.2429352e-11   3.0119111e+00   1.1403964e-05   1.7086407e-03   8.2164064e-01
   6.2954712e+02   2.2565005e+02   4.2153755e+01   3.5061055e+02   4.2906477e+02   2.9357626e+02   6.2889285e-01             NaN   6.1039519e+01   4.3698943e+01   2.8978851e+00   1.1057739e+03   9.3919346e-01   4.2127420e-11   3.0169920e+00   1.1202750e-05   1.7265293e-03   7.8971988e-01
   6.3584259e+02   2.2404403e+02   4.1843480e+01   3.5213160e+02   4.2906995e+02   2.9355624e+02   6.3741207e-01             NaN   6.2086657e+01   4.3208400e+01   2.9558573e+00   1.1057633e+03   9.0584686e-01   4.2288846e-11   2.9473821e+00   1.1232054e-05   1.7039167e-03   8.1152927e-01
   6.4220102e+02   2.2486610e+02   4.2093611e+01   3.5058930e+02   4.2838784e+02   2.9345667e+02   6.3241057e-01             NaN   6.1834671e+01   4.3129852e+01   2.9358843e+00   1.1090514e+03   9.5012637e-01   4.2460516e-11   2.9105983e+00   1.1238920e-05   1.7178421e-03   8.0030465e-01
   6.4862303e+02   2.2382220e+02   4.1763021e+01   3.5181392e+02   4.2895769e+02   2.9356364e+02   6.3555369e-01             NaN   6.1859429e+01   4.3026382e+01   2.9734927e+00   1.1095869e+03   9.5966215e-01   4.3119398e-11   3.0127108e+00   1.1216065e-05   1.7437406e-03   8.3698459e-01
   6.5510926e+02   2.2502464e+02   4.1961386e+01   3.5203745e+02   4.2949763e+02   2.9365115e+02   6.3262457e-01             NaN   6.2392401e+01   4.3193361e+01   2.9404470e+00   1.1059619e+03   9.4242059e-01   4.3280957e-11   3.1044031e+00   1.1371358e-05   1.7353368e-03   7.8554847e-01
   6.6166035e+02   2.2557084e+02   4.1909875e+01   3.5378143e+02   4.3138540e+02   2.9394587e+02   6.3102427e-01             NaN   6.1981543e+01   4.3852989e+01   2.8539520e+00   1.1037979e+03   8.6881388e-01   4.3086803e-11   3.0731136e+00   1.1443709e-05   1.7390251e-03   7.1327005e-01
   6.6827696e+02   2.2364011e+02   4.1765266e+01   3.5403048e+02   4.3081095e+02   2.9384290e+02   6.3349298e-01             NaN   6.2140168e+01   4.2975287e+01   3.0300783e+00   1.1067292e+03   9.6772958e-01   4.3219950e-11   2.9877915e+00   1.1123967e-05   1.7399750e-03   8.8395334e-01
   6.7495972e+02   2.2439664e+02   4.1830833e+01   3.5318067e+02   4.3040813e+02   2.9380053e+02   6.3290573e-01             NaN   6.2008331e+01   4.3407114e+01   2.9893540e+00   1.1064326e+03   9.7568958e-01   4.3341682e-11   3.0027172e+00   1.1143213e-05   1.7485183e-03   8.4769998e-01
   6.8170932e+02   2.2493567e+02   4.2071841e+01   3.5145078e+02   4.2911443e+02   2.9358885e+02   6.3196612e-01             NaN   6.2152934e+01   4.3407395e+01   2.9307672e+00   1.1091276e+03   9.5966785e-01   4.3900232e-11   3.1196064e+00   1.1329894e-05   1.7669220e-03   7.8410755e-01
   6.8852642e+02   2.2552720e+02   4.1853721e+01   3.5307291e+02   4.3107019e+02   2.9392447e+02   6.2558229e-01             NaN   6.1588309e+01   4.3770858e+01   2.8224655e+00   1.1007580e+03   8.8578267e-01   4.3127281e-11   3.1078361e+00   1.1311441e-05   1.7517394e-03   6.9532425e-01
   6.9541168e+02   2.2608891e+02   4.1849427e+01   3.5566183e+02   4.3324938e+02   2.9423635e+02   6.2581981e-01             NaN   6.1792901e+01   4.4564590e+01   2.7873193e+00   1.0934507e+03   7.9082028e-01   4.2917386e-11   2.9708389e+00   1.1258881e-05   1.7374556e-03   6.5312830e-01
   7.0236580e+02   2.2490991e+02   4.1793799e+01   3.5555397e+02   4.3301906e+02   2.9421511e+02   6.2869680e-01             NaN   6.1422357e+01   4.4154726e+01   2.9267243e+00   1.1029080e+03   9.1009927e-01   4.3634359e-11   2.9581774e+00   1.1069737e-05   1.7770954e-03   8.0528009e-01
   7.0938945e+02   2.2514905e+02   4.1995363e+01   3.5601282e+02   4.3351098e+02   2.9428432e+02   6.2608548e-01             NaN   6.1097227e+01   4.4234723e+01   2.8829942e+00   1.1008006e+03   9.0053966e-01   4.3659121e-11   3.0249440e+00   1.1124547e-05   1.7876076e-03   7.7282852e-01
   7.1648335e+02   2.2457983e+02   4.1666684e+01   3.5527419e+02   4.3241963e+02   2.9415991e+02   6.2961339e-01             NaN   6.2037769e+01   4.3566737e+01   2.9516459e+00   1.1084213e+03   9.3102609e-01   4.3794232e-11   3.0501204e+00   1.1091747e-05   1.7659032e-03   8.0893406e-01
   7.2364818e+02   2.2635814e+02   4.2178365e+01   3.5405419e+02   4.3219975e+02   2.9408304e+02   6.2508992e-01             NaN   6.1021635e+01   4.5046753e+01   2.9177977e+00   1.1062408e+03   9.3841490e-01   4.3503602e-11   3.0396442e+00   1.0979945e-05   1.7834141e-03   8.1020453e-01
   7.3088466e+02   2.2582225e+02   4.2209429e+01   3.5289716e+02   4.3138955e+02   2.9397101e+02   6.2232919e-01             NaN   6.0949834e+01   4.4181898e+01   2.9103309e+00   1.1092820e+03   9.5067861e-01   4.4052781e-11   3.1028446e+00   1.1043341e-05   1.8080581e-03   8.0522139e-01
   7.3819351e+02   2.2633680e+02   4.2172419e+01   3.5302787e+02   4.3147358e+02   2.9397772e+02   6.2150491e-01             NaN   6.1146512e+01   4.4569757e+01   2.8660417e+00   1.1074391e+03   8.9390279e-01   4.3338927e-11   3.0719140e+00   1.0973501e-05   1.7730977e-03   7.5421037e-01
   7.4557545e+02   2.2459370e+02   4.1760448e+01   3.5551811e+02   4.3290588e+02   2.9422039e+02   6.2495097e-01             NaN   6.1348166e+01   4.3959374e+01   2.9400229e+00   1.1076240e+03   9.6705024e-01   4.3902228e-11   3.0238948e+00   1.0957959e-05   1.7902010e-03   8.2118130e-01
   7.5303120e+02   2.2473384e+02   4.1890585e+01   3.5564369e+02   4.3288446e+02   2.9420380e+02   6.2570553e-01             NaN   6.1337924e+01   4.4290082e+01   2.8896586e+00   1.1049522e+03   9.3127558e-01   4.4543306e-11   3.0703560e+00   1.1007635e-05   1.8166440e-03   7.7116889e-01
   7.6056151e+02   2.2583144e+02   4.1920125e+01   3.5634349e+02   4.3375825e+02   2.9433405e+02   6.2515568e-01             NaN   6.1314160e+01   4.5014691e+01   2.8600169e+00   1.0983037e+03   9.1001350e-01   4.4142954e-11   3.0881614e+00   1.0885938e-05   1.8010187e-03   7.4235356e-01
   7.6816713e+02   2.2597600e+02   4.1903499e+01   3.5712040e+02   4.3477824e+02   2.9450099e+02   6.2153013e-01             NaN   6.0996093e+01   4.5220308e+01   2.8617938e+00   1.0972802e+03   8.9994309e-01   4.4265927e-11   3.1116071e+00   1.0922630e-05   1.8154209e-03   7.5507789e-01
   7.7584880e+02   2.2575157e+02   4.1966798e+01   3.5663441e+02   4.3449445e+02   2.9447871e+02   6.1985454e-01             NaN   6.1134041e+01   4.4603151e+01   2.9257834e+00   1.1019607e+03   9.0850265e-01   4.4203730e-11   3.0636453e+00   1.0766860e-05   1.8087924e-03   8.1431819e-01
   7.8360729e+02   2.2609576e+02   4.2110106e+01   3.5515389e+02   4.3378075e+02   2.9437528e+02   6.1733458e-01             NaN   6.0493422e+01   4.5003371e+01   2.9203509e+00   1.1033147e+03   9.8603607e-01   4.4296996e-11   3.1050791e+00   1.0741895e-05   1.8317896e-03   8.3099494e-01
   7.9144336e+02   2.2541042e+02   4.1835943e+01   3.5661551e+02   4.3382899e+02   2.9436480e+02   6.2533445e-01             NaN   6.1175208e+01   4.5007610e+01   2.9077958e+00   1.1029466e+03   9.4294717e-01   4.4397996e-11   3.1322912e+00   1.0887278e-05   1.8155228e-03   7.9491304e-01
   7.9935779e+02   2.2592852e+02   4.2056178e+01   3.5791083e+02   4.3549327e+02   2.9460725e+02   6.2168611e-01             NaN   6.1111789e+01   4.5143529e+01   2.9572006e+00   1.1049888e+03   9.7561333e-01   4.4789469e-11   3.0737306e+00   1.0768674e-05   1.8334296e-03   8.4650584e-01
   8.0735137e+02   2.2423314e+02   4.1447594e+01   3.5648601e+02   4.3302232e+02   2.9426514e+02   6.3319952e-01             NaN   6.2544501e+01   4.3823949e+01   3.0567536e+00   1.1137673e+03   9.7055846e-01   4.5317484e-11   3.1513221e+00   1.0844397e-05   1.8124859e-03   8.9649916e-01
   8.1542488e+02   2.2406724e+02   4.1628404e+01   3.5607473e+02   4.3269170e+02   2.9420612e+02   6.2943200e-01             NaN   6.1742563e+01   4.4046129e+01   3.0212546e+00   1.1166532e+03   1.0373697e+00   4.5156266e-11   3.2211759e+00   1.0849297e-05   1.8295822e-03   8.8879975e-01
   8.2357913e+02   2.2647048e+02   4.1846503e+01   3.5786756e+02   4.3509775e+02   2.9458613e+02   6.2503627e-01             NaN   6.2277899e+01   4.5010213e+01   2.8251626e+00   1.1100358e+03   8.6677157e-01   4.5080702e-11   3.1669792e+00   1.1115290e-05   1.8107686e-03   6.7415745e-01
   8.3181493e+02   2.2571201e+02   4.1887912e+01   3.5933983e+02   4.3666242e+02   2.9482173e+02   6.1880448e-01             NaN   6.0969957e+01   4.5282230e+01   2.8341939e+00   1.1070506e+03   9.1843022e-01   4.4675237e-11   3.0750424e+00   1.0805006e-05   1.8330040e-03   7.2839362e-01
   8.4013307e+02   2.2655062e+02   4.1939443e+01   3.5888555e+02   4.3692415e+02   2.9486031e+02   6.1212380e-01             NaN   6.0216349e+01   4.6308389e+01   2.8490626e+00   1.0993307e+03   9.2656307e-01   4.4980615e-11   3.1048860e+00   1.0630065e-05   1.8686138e-03   7.6927214e-01
   8.4853441e+02   2.2574069e+02   4.1762028e+01   3.5866433e+02   4.3664249e+02   2.9484238e+02   6.1484783e-01             NaN   6.0321393e+01   4.5631911e+01   2.8654050e+00   1.0984765e+03   9.1408638e-01   4.5083415e-11   3.1063531e+00   1.0576696e-05   1.8695830e-03   7.8194202e-01
   8.5701975e+02   2.2680256e+02   4.1977273e+01   3.5732526e+02   4.3570489e+02   2.9466547e+02   6.1203265e-01             NaN   6.0316795e+01   4.6106263e+01   2.8168921e+00   1.0998339e+03   8.7905650e-01   4.4051296e-11   3.0420800e+00   1.0555746e-05   1.8269812e-03   7.3365672e-01
   8.6558995e+02   2.2680909e+02   4.1940617e+01   3.5825512e+02   4.3646467e+02   2.9477731e+02   6.1379432e-01             NaN   6.0385866e+01   4.6060317e+01   2.8839271e+00   1.1017412e+03   9.3227099e-01   4.4507534e-11   3.0165021e+00   1.0489831e-05   1.8437769e-03   7.9828922e-01
   8.7424585e+02   2.2564167e+02   4.1566148e+01   3.5946935e+02   4.3659729e+02   2.9482533e+02   6.2074939e-01             NaN   6.1422984e+01   4.5554161e+01   2.9688892e+00   1.1044285e+03   9.9607834e-01   4.5400802e-11   3.0955831e+00   1.0615154e-05   1.8489934e-03   8.4739470e-01
   8.8298830e+02   2.2537199e+02   4.1688543e+01   3.5916390e+02   4.3633743e+02   2.9478184e+02   6.1983837e-01             NaN   6.1251617e+01   4.5354773e+01   2.9921467e+00   1.1058268e+03   1.0044675e+00   4.5674591e-11   3.1917205e+00   1.0501647e-05   1.8653351e-03   8.7655645e-01
   8.9181819e+02   2.2535178e+02   4.1729010e+01   3.5926294e+02   4.3617293e+02   2.9475376e+02   6.2123178e-01             NaN   6.1318102e+01   4.5350868e+01   2.9352675e+00   1.1040842e+03   9.6312658e-01   4.5747770e-11   3.2390621e+00   1.0597023e-05   1.8663614e-03   8.1745293e-01
   9.0073637e+02   2.2560924e+02   4.1596504e+01   3.6090969e+02   4.3762514e+02   2.9498721e+02   6.1957157e-01             NaN   6.1358309e+01   4.5642613e+01   2.9195351e+00   1.1061980e+03   9.6190160e-01   4.6055240e-11   3.2367992e+00   1.0589662e-05   1.8776463e-03   8.0030068e-01
   9.0974373e+02   2.2520016e+02   4.1725286e+01   3.6030781e+02   4.3749642e+02   2.9496844e+02   6.1733851e-01             NaN   6.0642715e+01   4.5618382e+01   2.9930645e+00   1.1054906e+03   1.0095154e+00   4.6064196e-11   3.2126641e+00   1.0297963e-05   1.9002124e-03   8.9858988e-01
   9.1884117e+02   2.2643387e+02   4.2011831e+01   3.5873385e+02   4.3660654e+02   2.9485518e+02   6.1619532e-01             NaN   6.1113132e+01   4.5373680e+01   2.9446587e+00   1.1101083e+03   9.8567898e-01   4.6664918e-11   3.2344348e+00   1.0592767e-05   1.9101078e-03   8.3386213e-01
   9.2802958e+02   2.2618814e+02   4.1602684e+01   3.6109751e+02   4.3804897e+02   2.9506356e+02   6.1811339e-01             NaN   6.1865485e+01   4.5654864e+01   2.9287498e+00   1.1060127e+03   9.6511116e-01   4.6484379e-11   3.2755124e+00   1.0639442e-05   1.8796055e-03   7.9199803e-01
   9.3730988e+02   2.2636514e+02   4.1838209e+01   3.6032980e+02   4.3806380e+02   2.9506801e+02   6.1439891e-01             NaN   6.0832089e+01   4.5988097e+01   2.9290143e+00   1.1061729e+03   9.5134000e-01   4.6591365e-11   3.2607195e+00   1.0501689e-05   1.9159110e-03   8.2792824e-01
   9.4668298e+02   2.2665944e+02   4.1781340e+01   3.6145693e+02   4.3927095e+02   2.9527430e+02   6.1181136e-01             NaN   6.0453869e+01   4.6260786e+01   2.8894742e+00   1.1064769e+03   9.6936106e-01   4.6932218e-11   3.2497159e+00   1.0499954e-05   1.9420236e-03   8.0147497e-01
   9.5614981e+02   2.2460433e+02   4.1447416e+01   3.6236953e+02   4.3852187e+02   2.9516388e+02   6.2199853e-01             NaN   6.1478870e+01   4.5643739e+01   3.0418800e+00   1.1086146e+03   1.0127222e+00   4.7006262e-11   3.2559185e+00   1.0356595e-05   1.9125953e-03   9.1840877e-01
   9.6571130e+02   2.2563877e+02   4.1652154e+01   3.6113430e+02   4.3784617e+02   2.9505353e+02   6.2017949e-01             NaN   6.1530623e+01   4.5682176e+01   2.9680745e+00   1.1117191e+03   1.0104833e+00   4.7408823e-11   3.3194374e+00   1.0509524e-05   1.9273733e-03   8.4283887e-01
   9.7536842e+02   2.2523709e+02   4.1418382e+01   3.6210279e+02   4.3859435e+02   2.9515513e+02   6.2143951e-01             NaN   6.1225004e+01   4.5994975e+01   3.0271070e+00   1.1128668e+03   1.0247542e+00   4.6884032e-11   3.3064870e+00   1.0269018e-05   1.9155204e-03   9.1239164e-01
   9.8512210e+02   2.2624310e+02   4.1963597e+01   3.6075802e+02   4.3818945e+02   2.9509692e+02   6.1557223e-01             NaN   6.0702206e+01   4.6362025e+01   2.9489105e+00   1.1148372e+03   1.0197913e+00   4.7382131e-11   3.2948260e+00   1.0385572e-05   1.9525971e-03   8.5231002e-01
   9.9497332e+02   2.2469554e+02   4.1501116e+01   3.6249036e+02   4.3858126e+02   2.9517234e+02   6.2378695e-01             NaN   6.1791707e+01   4.5364003e+01   3.0520493e+00   1.1202970e+03   1.0488303e+00   4.7517579e-11   3.3381435e+00   1.0228034e-05   1.9236504e-03   9.1781597e-01
   1.0049231e+03   2.2574616e+02   4.1476243e+01   3.6320151e+02   4.3961199e+02   2.9533163e+02   6.1978868e-01             NaN   6.1475276e+01   4.6055158e+01   2.9610862e+00   1.1169396e+03   9.8925434e-01   4.8024091e-11   3.4048254e+00   1.0536141e-05   1.9541356e-03   8.3775270e-01
   1.0149723e+03   2.2574131e+02   4.1346518e+01   3.6421610e+02   4.4045374e+02   2.9546156e+02   6.2058629e-01             NaN   6.1613782e+01   4.6532929e+01   3.0068690e+00   1.1147686e+03   1.0158028e+00   4.7754643e-11   3.3343451e+00   1.0285792e-05   1.9387886e-03   8.7873542e-01
   1.0251220e+03   2.2513936e+02   4.1408578e+01   3.6391841e+02   4.3999189e+02   2.9539682e+02   6.2070929e-01             NaN   6.1695812e+01   4.5961146e+01   3.0540596e+00   1.1206339e+03   1.0500314e+00   4.8241336e-11   3.3184348e+00   1.0294759e-05   1.9559888e-03   9.2314176e-01
   1.0353732e+03   2.2508928e+02   4.1510181e+01   3.6432670e+02   4.4048538e+02   2.9548751e+02   6.1690296e-01             NaN   6.1493450e+01   4.5896761e+01   2.9656515e+00   1.1209370e+03   1.0389103e+00   4.8651119e-11   3.3796957e+00   1.0459560e-05   1.9791041e-03   8.4173256e-01
   1.0457270e+03   2.2510675e+02   4.1416365e+01   3.6469455e+02   4.4079900e+02   2.9553854e+02   6.1785428e-01             NaN   6.1372024e+01   4.6193831e+01   3.0751455e+00   1.1140008e+03   1.0449513e+00   4.8144043e-11   3.3981295e+00   1.0141135e-05   1.9623379e-03   9.5540594e-01
   1.0561842e+03   2.2519055e+02   4.1762945e+01   3.6383999e+02   4.4036970e+02   2.9546687e+02   6.1670525e-01             NaN   6.1022631e+01   4.5951488e+01   3.0101275e+00   1.1195250e+03   1.0845336e+00   4.8905947e-11   3.3977876e+00   1.0282604e-05   2.0048086e-03   9.0245802e-01
   1.0667461e+03   2.2710969e+02   4.1984900e+01   3.6324558e+02   4.4094447e+02   2.9554510e+02   6.0778853e-01             NaN   5.9942717e+01   4.7320950e+01   2.8686808e+00   1.1119748e+03   9.6967112e-01   4.8299575e-11   3.4283440e+00   1.0278069e-05   2.0155840e-03   7.9827174e-01
   1.0774135e+03   2.2552950e+02   4.1591220e+01   3.6343669e+02   4.3971971e+02   2.9536694e+02   6.1666524e-01             NaN   6.1589540e+01   4.6203740e+01   2.9973748e+00   1.1151593e+03   9.9220181e-01   4.8413453e-11   3.4178209e+00   1.0243945e-05   1.9663497e-03   8.7012223e-01
   1.0881877e+03   2.2480530e+02   4.1374716e+01   3.6471679e+02   4.4056699e+02   2.9553527e+02   6.1777667e-01             NaN   6.1874470e+01   4.5623810e+01   3.0163240e+00   1.1216057e+03   1.0154116e+00   4.9406726e-11   3.4770339e+00   1.0329836e-05   1.9974289e-03   8.7920618e-01
   1.0990695e+03   2.2609497e+02   4.1658740e+01   3.6407388e+02   4.4112316e+02   2.9557610e+02   6.1110041e-01             NaN   5.9982922e+01   4.7315600e+01   2.9340966e+00   1.1180091e+03   1.0381958e+00   4.8560071e-11   3.4161428e+00   1.0058012e-05   2.0250711e-03   8.6227299e-01
   1.1100602e+03   2.2583659e+02   4.1314994e+01   3.6609280e+02   4.4214396e+02   2.9575960e+02   6.1570358e-01             NaN   6.1654404e+01   4.6709545e+01   2.9655687e+00   1.1150015e+03   9.9583193e-01   4.8706916e-11   3.3262546e+00   1.0205052e-05   1.9761502e-03   8.3603537e-01
   1.1211608e+03   2.2689531e+02   4.1598652e+01   3.6757818e+02   4.4385913e+02   2.9600619e+02   6.1321188e-01             NaN   6.1019675e+01   4.7676692e+01   2.8907112e+00   1.1134284e+03   9.6485748e-01   4.8885792e-11   3.3414037e+00   1.0240039e-05   2.0040322e-03   7.8309419e-01
   1.1323725e+03   2.2587140e+02   4.1489597e+01   3.6830813e+02   4.4414209e+02   2.9605590e+02   6.1400279e-01             NaN   6.1112531e+01   4.7418650e+01   3.0168299e+00   1.1143223e+03   1.0355604e+00   4.8860387e-11   3.3408682e+00   9.9231077e-06   1.9999296e-03   9.0598690e-01
